Initial Energy:  -21.427712500000002
LAYER  0
Energy:  -24.996077589892707
Operators:  [0, 11, 5, 6]
  (0, 26)	1.0
  (1, 28)	1.0
  (4, 39)	1.0
  (9, 44)	1.0
  (10, 46)	1.0
  (11, 48)	1.0
  (26, 0)	-1.0
  (28, 1)	-1.0
  (39, 4)	-1.0
  (44, 9)	-1.0
  (46, 10)	-1.0
  (48, 11)	-1.0
Gradient:  6.320575
Parameters:  [-0.8459717538436611]
LAYER  1
Energy:  -27.098126146559558
Operators:  [6, 9, 10, 11]
  (5, 9)	1.0
  (9, 5)	-1.0
  (15, 19)	1.0
  (19, 15)	-1.0
  (26, 30)	1.0
  (30, 26)	-1.0
  (33, 37)	1.0
  (37, 33)	-1.0
  (46, 50)	1.0
  (50, 46)	-1.0
Gradient:  6.599774302010722
Parameters:  [-0.9625185198711929, -0.5517577141315906]
LAYER  2
Energy:  -27.992930622538466
Operators:  [1, 9, 3, 10]
  (0, 9)	1.0
  (9, 0)	-1.0
  (15, 31)	-1.0
  (16, 32)	-1.0
  (23, 43)	1.0
  (26, 44)	1.0
  (27, 45)	1.0
  (31, 15)	1.0
  (32, 16)	1.0
  (43, 23)	-1.0
  (44, 26)	-1.0
  (45, 27)	-1.0
Gradient:  4.783590977814604
Parameters:  [-0.9629224093451103, -0.5571969955716622, -0.3629797734823328]
LAYER  3
Energy:  -28.827483936615927
Operators:  [1, 7, 1, 10]
  (0, 1)	1.0
  (1, 0)	-1.0
  (15, 17)	1.0
  (16, 18)	-1.0
  (17, 15)	-1.0
  (18, 16)	1.0
  (20, 22)	-1.0
  (22, 20)	1.0
  (26, 28)	1.0
  (27, 29)	-1.0
  (28, 26)	-1.0
  (29, 27)	1.0
Gradient:  4.879460143886851
Parameters:  [-0.9398173316050512, -0.5670978547958311, -0.3866184042140165, 0.3373450429861914]
LAYER  4
Energy:  -32.01221527132615
Operators:  [0, 3, 1, 5]
  (5, 26)	1.0
  (6, 27)	1.0
  (7, 28)	1.0
  (8, 29)	1.0
  (9, 30)	1.0
  (26, 5)	-1.0
  (27, 6)	-1.0
  (28, 7)	-1.0
  (29, 8)	-1.0
  (30, 9)	-1.0
Gradient:  4.224221913689877
Parameters:  [-1.2874165654716596, -0.35354375585227843, -0.2326286574166779, -0.0009269705577149473, 1.20281763372856]
LAYER  5
Energy:  -33.26029129647186
Operators:  [0, 3, 4, 5]
  (5, 46)	1.0
  (6, 47)	1.0
  (7, 48)	1.0
  (8, 49)	1.0
  (9, 50)	1.0
  (46, 5)	-1.0
  (47, 6)	-1.0
  (48, 7)	-1.0
  (49, 8)	-1.0
  (50, 9)	-1.0
Gradient:  7.201792622240973
Parameters:  [-1.344762392978673, -0.3596322344708223, -0.2843081992026631, -0.015330043929086408, 1.2778411133927112, -0.32630123463277827]
LAYER  6
Energy:  -34.294173878422384
Operators:  [3, 6, 4, 11]
  (5, 10)	-1.0
  (7, 11)	-1.0
  (10, 5)	1.0
  (11, 7)	1.0
  (21, 25)	-1.0
  (25, 21)	1.0
  (31, 37)	-1.0
  (37, 31)	1.0
  (44, 50)	-1.0
  (50, 44)	1.0
Gradient:  6.868889514719782
Parameters:  [-1.3661811396475863, -0.35380007028073907, -0.3130871207669098, 0.006041009239314758, 1.3273446760808898, -0.32777739246387266, 0.29462569000023164]
LAYER  7
Energy:  -35.574278240662125
Operators:  [7, 8, 10, 11]
  (5, 8)	1.0
  (8, 5)	-1.0
  (15, 18)	1.0
  (18, 15)	-1.0
  (26, 29)	1.0
  (29, 26)	-1.0
  (33, 36)	1.0
  (36, 33)	-1.0
  (46, 49)	1.0
  (49, 46)	-1.0
Gradient:  5.961468175076206
Parameters:  [-1.4050615116337712, -0.3027465296584655, -0.23981465387393064, -0.13760264846760237, 1.363338248836189, -0.32425118119379553, 0.23516587382693685, 0.3935548265235861]
LAYER  8
Energy:  -36.833194824249816
Operators:  [0, 3, 1, 2]
  (5, 15)	1.0
  (6, 16)	1.0
  (7, 17)	1.0
  (8, 18)	1.0
  (9, 19)	1.0
  (15, 5)	-1.0
  (16, 6)	-1.0
  (17, 7)	-1.0
  (18, 8)	-1.0
  (19, 9)	-1.0
Gradient:  4.113502101814059
Parameters:  [-1.354912115917546, -0.3764349239133142, -0.2481153390067694, 0.04726892163056743, 1.4420091667003647, -0.37826392051699387, 0.23384280881163583, 0.3351940240304414, 0.6492007835530607]
LAYER  9
Energy:  -37.391863639664095
Operators:  [0, 9, 2, 10]
  (0, 19)	-1.0
  (5, 31)	1.0
  (6, 32)	1.0
  (10, 37)	1.0
  (12, 40)	1.0
  (19, 0)	1.0
  (31, 5)	-1.0
  (32, 6)	-1.0
  (37, 10)	-1.0
  (40, 12)	-1.0
Gradient:  3.6645429460235546
Parameters:  [-1.3002872618382384, -0.35408317866349176, -0.23335156046855324, 0.0949977729012109, 1.464126818558298, -0.36037451087883526, 0.21815577143101642, 0.3117323192645271, 0.6386718321121981, -0.2970847394799019]
LAYER  10
Energy:  -37.5642495748701
Operators:  [6, 8, 6, 11]
  (5, 6)	-1.0
  (6, 5)	1.0
  (7, 8)	1.0
  (8, 7)	-1.0
  (15, 16)	-1.0
  (16, 15)	1.0
  (17, 18)	1.0
  (18, 17)	-1.0
  (26, 27)	-1.0
  (27, 26)	1.0
  (28, 29)	1.0
  (29, 28)	-1.0
  (31, 32)	-1.0
  (32, 31)	1.0
  (33, 34)	-1.0
  (34, 33)	1.0
  (35, 36)	1.0
  (36, 35)	-1.0
  (44, 45)	-1.0
  (45, 44)	1.0
  (46, 47)	-1.0
  (47, 46)	1.0
  (48, 49)	1.0
  (49, 48)	-1.0
Gradient:  1.6374048136704897
Parameters:  [-1.27372142069916, -0.3703612586821274, -0.22519956266375832, 0.21444051478469509, 1.529597778987757, -0.3619175089095186, 0.22107676389983785, 0.26103287825392935, 0.7609311640016156, -0.3435523247482335, -0.1982052095557421]
LAYER  11
Energy:  -37.65648261072692
Operators:  [1, 8, 5, 10]
  (0, 14)	-1.0
  (14, 0)	1.0
  (15, 39)	1.0
  (20, 45)	-1.0
  (23, 49)	1.0
  (39, 15)	-1.0
  (45, 20)	1.0
  (49, 23)	-1.0
Gradient:  1.4300159520583038
Parameters:  [-1.2726643360158925, -0.36514100257821114, -0.20809489721122426, 0.22098488025543098, 1.5413957474076576, -0.3624542169953722, 0.21634711797395373, 0.2556658997566967, 0.8006095261536949, -0.33849242305100047, -0.20424856775546651, -0.12409701238662521]
LAYER  12
Energy:  -37.84294478804669
Operators:  [2, 7, 4, 11]
  (3, 11)	-1.0
  (11, 3)	1.0
  (15, 23)	1.0
  (23, 15)	-1.0
  (31, 43)	-1.0
  (39, 49)	1.0
  (43, 31)	1.0
  (49, 39)	-1.0
Gradient:  1.9606930896517043
Parameters:  [-1.2862418338589168, -0.3514627192843176, -0.19253470964600666, 0.22178877767982, 1.5540947630965602, -0.3698231443059895, 0.18806605490816117, 0.26501379985260254, 0.8555029806066083, -0.34502706697194835, -0.1994681846914377, -0.18371948322763632, -0.18039067199800243]
LAYER  13
Energy:  -37.97910744432947
Operators:  [2, 8, 3, 10]
  (2, 8)	-1.0
  (8, 2)	1.0
  (15, 21)	-1.0
  (21, 15)	1.0
  (33, 42)	-1.0
  (38, 45)	1.0
  (42, 33)	1.0
  (45, 38)	-1.0
Gradient:  1.5130624978012936
Parameters:  [-1.2919178813801189, -0.3448657169377198, -0.17171274164481312, 0.22149724803717058, 1.5739105465845544, -0.3633531576428932, 0.18108456625773425, 0.2548382361753963, 0.8987699137519872, -0.33178820315456176, -0.20237128342825206, -0.19697639821390514, -0.1742616051064537, 0.17255179348326297]
LAYER  14
Energy:  -38.365089410265526
Operators:  [0, 11, 1, 7]
  (2, 15)	1.0
  (8, 21)	1.0
  (11, 24)	-1.0
  (12, 26)	1.0
  (15, 2)	-1.0
  (21, 8)	-1.0
  (24, 11)	1.0
  (26, 12)	-1.0
Gradient:  2.3833499052403093
Parameters:  [-1.3273213938957424, -0.3257821635362676, -0.15310661010568846, 0.1878155011421313, 1.5865138111358972, -0.3490351763883994, 0.15098087554338416, 0.2727731756167772, 0.9142522523514937, -0.31438475311986763, -0.16496833383904733, -0.20165862864463244, -0.19932627431944464, 0.3138079729318904, 0.31171853557648094]
LAYER  15
Energy:  -38.40334595725696
Operators:  [2, 7, 5, 10]
  (15, 28)	1.0
  (16, 29)	-1.0
  (28, 15)	-1.0
  (29, 16)	1.0
  (33, 48)	-1.0
  (34, 49)	1.0
  (48, 33)	1.0
  (49, 34)	-1.0
Gradient:  1.0477421791525143
Parameters:  [-1.3271845457128968, -0.3236777490136202, -0.15078971756762552, 0.17807161327611074, 1.5775901986725374, -0.349076960161143, 0.15224112510177107, 0.2747067332888873, 0.913752809964775, -0.3129042495358399, -0.16065489394968757, -0.1942965581290908, -0.1917689805182002, 0.31030717719049644, 0.3079279368606648, 0.07261264072838396]
LAYER  16
Energy:  -38.49254446059092
Operators:  [1, 8, 4, 11]
  (15, 34)	1.0
  (17, 36)	-1.0
  (26, 47)	-1.0
  (28, 49)	1.0
  (34, 15)	-1.0
  (36, 17)	1.0
  (47, 26)	1.0
  (49, 28)	-1.0
Gradient:  1.473041327505703
Parameters:  [-1.3315079857435987, -0.3193806654223827, -0.1461087841194705, 0.16693300949950327, 1.5791195478067521, -0.3522743906381295, 0.14158056581868045, 0.2843125558634056, 0.9249870837393894, -0.3071879104973193, -0.14646535715259779, -0.1827721682271156, -0.1810835320328616, 0.3049425159622812, 0.30320144715366293, 0.12015116355399601, 0.11935828564531026]
LAYER  17
Energy:  -38.549953591388096
Operators:  [1, 10, 4, 10]
  (1, 11)	1.0
  (11, 1)	-1.0
  (17, 35)	-1.0
  (18, 36)	-1.0
  (19, 37)	-1.0
  (21, 42)	-1.0
  (22, 43)	-1.0
  (28, 48)	1.0
  (29, 49)	1.0
  (30, 50)	1.0
  (35, 17)	1.0
  (36, 18)	1.0
  (37, 19)	1.0
  (42, 21)	1.0
  (43, 22)	1.0
  (48, 28)	-1.0
  (49, 29)	-1.0
  (50, 30)	-1.0
Gradient:  0.8774338305042749
Parameters:  [-1.324613593644256, -0.3257763605668821, -0.15440394368389207, 0.1687709665213187, 1.5902280039585046, -0.35312295116081466, 0.15229336084301917, 0.2777459205979197, 0.9270722251929335, -0.3115202841174386, -0.155737445397316, -0.1812976804248941, -0.17600780817177028, 0.3035624455459898, 0.2970293437815201, 0.12436675122970049, 0.11511964758947445, 0.12944386908035294]
LAYER  18
Energy:  -38.60698561743955
Operators:  [1, 7, 1, 10]
  (0, 1)	1.0
  (1, 0)	-1.0
  (15, 17)	1.0
  (16, 18)	-1.0
  (17, 15)	-1.0
  (18, 16)	1.0
  (20, 22)	-1.0
  (22, 20)	1.0
  (26, 28)	1.0
  (27, 29)	-1.0
  (28, 26)	-1.0
  (29, 27)	1.0
Gradient:  0.7990502119962057
Parameters:  [-1.3218975046834984, -0.32214154102509723, -0.15078071851081634, 0.09028735076657826, 1.595626961870875, -0.35004232628514614, 0.14975013051243194, 0.2706646414796468, 0.9170650374648394, -0.31415241653635845, -0.1742730874542307, -0.1752760351606859, -0.16815537992815616, 0.2934675819981839, 0.2980029743063741, 0.12997004736843779, 0.1208535305221121, 0.165996832559284, 0.14104553020202654]
LAYER  19
Energy:  -38.7269165792746
Operators:  [0, 8, 0, 11]
  (3, 4)	1.0
  (4, 3)	-1.0
  (5, 6)	-1.0
  (6, 5)	1.0
  (7, 8)	1.0
  (8, 7)	-1.0
  (13, 14)	1.0
  (14, 13)	-1.0
Gradient:  1.0623229067965636
Parameters:  [-1.32441573118937, -0.31830586376771075, -0.1502365388904957, 0.02408807040557847, 1.596275028856894, -0.3415083418259364, 0.14299248557647629, 0.2706621429637541, 0.8812783280280714, -0.3079331843094688, -0.22266644924390516, -0.1703266664553852, -0.16371535244917296, 0.3050849617774734, 0.30198429976233027, 0.13350123186947033, 0.13164809222177445, 0.18521798702088368, 0.2293089780248364, 0.2195523385269127]
LAYER  20
Energy:  -38.847453424544895
Operators:  [4, 7, 4, 10]
  (10, 11)	1.0
  (11, 10)	-1.0
  (33, 35)	1.0
  (34, 36)	-1.0
  (35, 33)	-1.0
  (36, 34)	1.0
  (41, 43)	-1.0
  (43, 41)	1.0
  (46, 48)	1.0
  (47, 49)	-1.0
  (48, 46)	-1.0
  (49, 47)	1.0
Gradient:  0.8011949016343988
Parameters:  [-1.3371748882156769, -0.31758073112806523, -0.15048788054157772, -0.09482242750261682, 1.606006492647656, -0.34560093155751176, 0.14524887230940453, 0.28132498190457067, 0.8533778123709279, -0.2897193490974161, -0.2832187031803755, -0.17541390033240786, -0.1653521401092065, 0.32752550612171105, 0.323099989791997, 0.10412851650833907, 0.1299392467232096, 0.1543196362218349, 0.39970275346239537, 0.3490086957578838, 0.3047337027634363]
LAYER  21
Energy:  -38.882785092385866
Operators:  [0, 9, 4, 11]
  (3, 37)	1.0
  (5, 41)	-1.0
  (7, 43)	1.0
  (13, 50)	-1.0
  (37, 3)	-1.0
  (41, 5)	1.0
  (43, 7)	-1.0
  (50, 13)	1.0
Gradient:  0.9401524953525722
Parameters:  [-1.3389678003306382, -0.31578154980514694, -0.14645693146838457, -0.11558310755530739, 1.6032039520345893, -0.3449863493894537, 0.14515420699312906, 0.28529793556434574, 0.8391523914522409, -0.28630735023362386, -0.287235140165042, -0.18296783223957272, -0.1668022563261436, 0.33598125863718253, 0.3298350802661676, 0.10303026393787053, 0.1208594733594549, 0.14613673341462588, 0.42556334488125425, 0.3688258580814241, 0.33608589720267623, -0.07412634846843476]
LAYER  22
Energy:  -38.92120650822753
Operators:  [3, 6, 5, 10]
  (5, 13)	-1.0
  (6, 14)	1.0
  (13, 5)	1.0
  (14, 6)	-1.0
  (20, 30)	1.0
  (30, 20)	-1.0
  (41, 50)	-1.0
  (50, 41)	1.0
Gradient:  0.8504785203229792
Parameters:  [-1.346930135768442, -0.3189311916109689, -0.14582599428299745, -0.1304742759783666, 1.603154961771529, -0.34692228224964455, 0.14211450016071592, 0.2874697186068692, 0.8225324035649351, -0.28361636258323786, -0.2846535786515211, -0.17259930199175422, -0.1672564507416327, 0.3409620435837308, 0.3372234401209129, 0.09638166887128104, 0.11944163042248186, 0.14022142715791122, 0.4373298502487691, 0.37435532173473884, 0.3489270330053463, -0.11895904157616488, -0.0886867351045801]
LAYER  23
Energy:  -38.94950240230874
Operators:  [2, 10, 3, 6]
  (3, 5)	-1.0
  (4, 6)	1.0
  (5, 3)	1.0
  (6, 4)	-1.0
  (19, 20)	1.0
  (20, 19)	-1.0
  (37, 41)	1.0
  (41, 37)	-1.0
Gradient:  0.7627183950616336
Parameters:  [-1.352561611151342, -0.3154249110106466, -0.1470117562589103, -0.14544979155320129, 1.598475251068042, -0.34611072219795486, 0.13725336300597105, 0.29078201531283604, 0.8071409382456374, -0.27519865902643187, -0.2864757188185465, -0.16887469758172605, -0.17386329928912092, 0.3466990222531209, 0.349226728790073, 0.09871793614012647, 0.12386950839843307, 0.14740729009323955, 0.4407221874550269, 0.38781657685244325, 0.3537627523142927, -0.11967159487666891, -0.09611702267764045, 0.07338066156671284]
LAYER  24
Energy:  -39.13261045356036
Operators:  [0, 9, 1, 11]
  (3, 19)	-1.0
  (5, 20)	1.0
  (7, 22)	-1.0
  (13, 30)	-1.0
  (19, 3)	1.0
  (20, 5)	-1.0
  (22, 7)	1.0
  (30, 13)	1.0
Gradient:  1.2917586281698779
Parameters:  [-1.3598692187925043, -0.3161902136675647, -0.12953335106896047, -0.17095422453983572, 1.614392859257371, -0.3365124831772133, 0.12709431287600573, 0.29259016182702985, 0.7893766976551713, -0.26341983067666075, -0.2616674285267171, -0.15038185768542084, -0.1500859252227149, 0.35613933497021066, 0.3509486200173319, 0.10308520736970393, 0.12445207479826097, 0.13220035790148604, 0.44663197947613736, 0.38174132838630775, 0.35846734834906074, -0.14983406097058607, -0.1287911424868102, 0.2750069323325855, 0.27164027595909995]
LAYER  25
Energy:  -39.15003383659367
Operators:  [0, 3, 2, 4]
  (5, 33)	1.0
  (6, 34)	1.0
  (7, 35)	1.0
  (8, 36)	1.0
  (9, 37)	1.0
  (33, 5)	-1.0
  (34, 6)	-1.0
  (35, 7)	-1.0
  (36, 8)	-1.0
  (37, 9)	-1.0
Gradient:  0.4876325037478736
Parameters:  [-1.358705685311004, -0.3138952085127572, -0.13283602856653698, -0.18752725133515957, 1.6109307949861922, -0.33808389769536135, 0.1338260775200061, 0.3023646247818387, 0.7711645575634184, -0.26987700535684767, -0.261936649489566, -0.15287051922172387, -0.1513035747699678, 0.36603721038382153, 0.35822171499719696, 0.10809913495672888, 0.1216355761229269, 0.16853800012623726, 0.45798810685224434, 0.3918274724153805, 0.3653169493221825, -0.14894473286453036, -0.1250992976510765, 0.2605342629668142, 0.2575054304641097, -0.07014245685851364]
LAYER  26
Energy:  -39.20363728492621
Operators:  [1, 8, 4, 8]
  (0, 10)	1.0
  (1, 11)	1.0
  (10, 0)	-1.0
  (11, 1)	-1.0
  (15, 33)	-1.0
  (17, 35)	-1.0
  (19, 37)	-1.0
  (20, 41)	-1.0
  (22, 43)	-1.0
  (26, 46)	1.0
  (28, 48)	1.0
  (30, 50)	1.0
  (33, 15)	1.0
  (35, 17)	1.0
  (37, 19)	1.0
  (41, 20)	1.0
  (43, 22)	1.0
  (46, 26)	-1.0
  (48, 28)	-1.0
  (50, 30)	-1.0
Gradient:  0.5759684110767632
Parameters:  [-1.3770487889130891, -0.3157674529893679, -0.14220715308312507, -0.1615566457462903, 1.6640306380039542, -0.3278399056424228, 0.16603019547446934, 0.3013478411629409, 0.775099507205237, -0.27242831505954096, -0.26281405153158555, -0.15802440257750439, -0.160918057907727, 0.3545977353054304, 0.34636904959605425, 0.06287261109342641, 0.1045246052343789, 0.22194391425987453, 0.44100676200423666, 0.3907346076741744, 0.3533671440247324, -0.116098568092878, -0.12999217616810077, 0.2665843819811172, 0.27031487157573575, -0.20944165368492598, 0.18407326250975534]
LAYER  27
Energy:  -39.21207758857054
Operators:  [2, 6, 4, 10]
  (2, 11)	1.0
  (11, 2)	-1.0
  (15, 24)	-1.0
  (16, 25)	1.0
  (24, 15)	1.0
  (25, 16)	-1.0
  (38, 50)	1.0
  (50, 38)	-1.0
Gradient:  0.4169794487538648
Parameters:  [-1.3794681202492187, -0.3147789126994485, -0.14207170334241265, -0.16968507000301616, 1.665266767311322, -0.3274837947839926, 0.1672794285828413, 0.303501138417548, 0.7719553173861718, -0.2724279467332036, -0.26488225684993755, -0.15797076060025236, -0.16321510472926895, 0.3535952224793647, 0.34808438283956705, 0.06061003683217535, 0.10359247791161318, 0.22607306040964584, 0.4441595058178733, 0.39464563067474606, 0.3579073172951182, -0.11646706652817522, -0.13163967574678334, 0.2715385280423227, 0.26912136248928836, -0.21176232594599792, 0.1844716127084344, 0.04050427423446895]
LAYER  28
Energy:  -39.26598020739948
Operators:  [0, 3, 4, 5]
  (5, 46)	1.0
  (6, 47)	1.0
  (7, 48)	1.0
  (8, 49)	1.0
  (9, 50)	1.0
  (46, 5)	-1.0
  (47, 6)	-1.0
  (48, 7)	-1.0
  (49, 8)	-1.0
  (50, 9)	-1.0
Gradient:  0.3888993380388097
Parameters:  [-1.392043620370237, -0.32328871967051465, -0.12684402676005674, -0.17118835684228623, 1.6368133682431634, -0.16833351270784638, 0.1596103068974915, 0.30259544943435607, 0.7190903765890011, -0.24723153732190198, -0.27359189750039675, -0.13850312073058071, -0.1462152991659548, 0.38693855209885386, 0.37987468858523976, 0.07873649609276194, 0.11900718370308473, 0.22322953546604551, 0.44990929088863457, 0.4090576343892363, 0.4030289904337023, -0.08531190786664464, -0.10516287974399315, 0.22836113782438328, 0.228775193625959, -0.22908056006920763, 0.22956812188781803, 0.04793725879772922, -0.24547670203514765]
LAYER  29
Energy:  -39.322431625179945
Operators:  [0, 3, 1, 5]
  (5, 26)	1.0
  (6, 27)	1.0
  (7, 28)	1.0
  (8, 29)	1.0
  (9, 30)	1.0
  (26, 5)	-1.0
  (27, 6)	-1.0
  (28, 7)	-1.0
  (29, 8)	-1.0
  (30, 9)	-1.0
Gradient:  0.5164497634520684
Parameters:  [-1.3960165791639088, -0.3196497573924797, -0.11707828062956392, -0.21353561906024235, 1.7385283376241882, -0.1180634113117274, 0.1479361865325846, 0.31550306874522077, 0.722441990927651, -0.24624387876957873, -0.2847826834180873, -0.13555543315755283, -0.1447808724255091, 0.3808167860542264, 0.3669901894420122, 0.04115633357163761, 0.12236058727389991, 0.1695946086129986, 0.5007764633830071, 0.44762827591894294, 0.5432159977051046, -0.09357625100520427, -0.12119292519710466, 0.23408533543810267, 0.23912721892464373, -0.21065418155734006, 0.20107881354060508, 0.06007576380052774, -0.2937430461921591, -0.2138544504123604]
LAYER  30
Energy:  -39.35774779147695
Operators:  [3, 7, 5, 11]
  (5, 12)	1.0
  (12, 5)	-1.0
  (21, 29)	1.0
  (29, 21)	-1.0
  (31, 40)	1.0
  (40, 31)	-1.0
  (42, 49)	-1.0
  (49, 42)	1.0
Gradient:  0.7383725781862305
Parameters:  [-1.3969940005702401, -0.3190687022843094, -0.11214362049232889, -0.22438839519963077, 1.8003709107764405, -0.114902924896278, 0.147529861213244, 0.3225101461203233, 0.7401669436900468, -0.24860486378799776, -0.2906128339433942, -0.14273005586077095, -0.14364805362032437, 0.3853694234006905, 0.38177963765486717, 0.0397948573462325, 0.12744143789164902, 0.13894946664172825, 0.5196436866128139, 0.4543771411577479, 0.6013621838457225, -0.09831406779464542, -0.13002684170063428, 0.24874561587832852, 0.2604831624995818, -0.2043068438120275, 0.2006979627866489, 0.05964971688769139, -0.29982632277011306, -0.2960983088944036, -0.09655555911298497]
LAYER  31
Energy:  -39.37083106944313
Operators:  [2, 8, 5, 11]
  (3, 14)	1.0
  (14, 3)	-1.0
  (15, 27)	-1.0
  (17, 29)	1.0
  (27, 15)	1.0
  (29, 17)	-1.0
  (31, 45)	1.0
  (33, 47)	1.0
  (35, 49)	-1.0
  (45, 31)	-1.0
  (47, 33)	-1.0
  (49, 35)	1.0
Gradient:  0.44965387051296485
Parameters:  [-1.3921484196835212, -0.3185708913344868, -0.11096784546439688, -0.22950223098554717, 1.831355228072073, -0.12630966965042043, 0.14826585540926354, 0.32411380337201534, 0.7450407191008912, -0.25389237390447644, -0.30707054431149605, -0.14564004671264003, -0.14535490719825248, 0.37855734574559463, 0.3719808322773339, 0.029590915600844928, 0.12470243984866358, 0.144462951554423, 0.5269944007417224, 0.48095272976727554, 0.6084313934456197, -0.10645258908962528, -0.13782020567681422, 0.2588020340576432, 0.26989725608754506, -0.1944316796400112, 0.1843772864706607, 0.05903650358383495, -0.28567743547920577, -0.3440449832779492, -0.09961199883218257, 0.05932076106787029]
LAYER  32
Energy:  -39.38613139967015
Operators:  [2, 8, 4, 9]
  (19, 25)	1.0
  (25, 19)	-1.0
  (31, 42)	-1.0
  (38, 47)	1.0
  (40, 49)	1.0
  (42, 31)	1.0
  (47, 38)	-1.0
  (49, 40)	-1.0
Gradient:  0.33597748818930007
Parameters:  [-1.3906818919644226, -0.3205203462414758, -0.11292405507299305, -0.22656210889402084, 1.8453959509668207, -0.13035376160183396, 0.14780450010763652, 0.3240985714014817, 0.7516619661305334, -0.26202191467498515, -0.3106662018004399, -0.1419887107612807, -0.15061005862213928, 0.37058695298362326, 0.3757104374515088, 0.027468408279558352, 0.1260795564799134, 0.15538051664389776, 0.5263157687476905, 0.4863145528087358, 0.6139311023726918, -0.10854606373335814, -0.14445308271425086, 0.27084452720725494, 0.27921008652101337, -0.20303221194643298, 0.1852089669441961, 0.06706321294619262, -0.2786851462486715, -0.36147998373987683, -0.11670713160978297, 0.06686231784301977, 0.0901429799233981]
LAYER  33
Energy:  -39.39129336754148
Operators:  [1, 9, 5, 11]
  (15, 38)	-1.0
  (17, 40)	1.0
  (21, 45)	1.0
  (24, 50)	1.0
  (38, 15)	1.0
  (40, 17)	-1.0
  (45, 21)	-1.0
  (50, 24)	-1.0
Gradient:  0.29192027829918793
Parameters:  [-1.3912484389513815, -0.3196394104639974, -0.11192363909288194, -0.22745890426503051, 1.8473829721260508, -0.12722023276579816, 0.1486884813262349, 0.324742620508437, 0.7505836441491768, -0.26107529606731644, -0.30452872026068567, -0.14341806496378154, -0.14974815062646873, 0.365199772837761, 0.37050863088322505, 0.027075756866389265, 0.12474721185010985, 0.15313775808975894, 0.5216053491506436, 0.48412853114930954, 0.6229253206327869, -0.10848914949249978, -0.14523402370024113, 0.27311643395246576, 0.2853729869295847, -0.20355090806880038, 0.18677373845855422, 0.08210961681711115, -0.28328139859915524, -0.3671078967947017, -0.11859072382337678, 0.0693967537095109, 0.08853154472159931, 0.035266780758317615]
LAYER  34
Energy:  -39.3958103189057
Operators:  [0, 9, 2, 7]
  (1, 19)	1.0
  (7, 31)	-1.0
  (8, 32)	1.0
  (11, 37)	-1.0
  (12, 38)	-1.0
  (19, 1)	-1.0
  (31, 7)	1.0
  (32, 8)	-1.0
  (37, 11)	1.0
  (38, 12)	1.0
Gradient:  0.2280187835579378
Parameters:  [-1.392218635946554, -0.32073079455349884, -0.11254553643830337, -0.23735476644459358, 1.843524397297174, -0.13200023577603026, 0.1471787189055591, 0.3247133316826209, 0.7512564287245302, -0.2637361075874085, -0.31024785665733196, -0.14507291309211617, -0.14941160630451003, 0.3626402846515134, 0.3670172241003898, 0.023728262825798627, 0.126532601412873, 0.15235193110015763, 0.5328038655086115, 0.49279778464089447, 0.6395492812860974, -0.11245143236433669, -0.14335502626121585, 0.2734225113521362, 0.28432312921797664, -0.19856432558685075, 0.17789560418974118, 0.0807465262716551, -0.2795288571352842, -0.36339548981183106, -0.11414178329131872, 0.06961361898201948, 0.08513566198622473, 0.033342779750347946, 0.03953366881190742]
LAYER  35
Energy:  -39.399270186793956
Operators:  [1, 7, 4, 10]
  (0, 11)	1.0
  (11, 0)	-1.0
  (15, 35)	-1.0
  (16, 36)	1.0
  (20, 43)	1.0
  (26, 48)	1.0
  (27, 49)	-1.0
  (35, 15)	1.0
  (36, 16)	-1.0
  (43, 20)	-1.0
  (48, 26)	-1.0
  (49, 27)	1.0
Gradient:  0.21953431858133077
Parameters:  [-1.3931654587466136, -0.31977662508515026, -0.11270838977362624, -0.2427116578822472, 1.8416827986933781, -0.13709653043279216, 0.14729063393587488, 0.3257293057761948, 0.7562381105040518, -0.2613209169445142, -0.3121238326472274, -0.14541615839693056, -0.14952746888243212, 0.36099108956673226, 0.36402689311190023, 0.023399757915403715, 0.12691098575633786, 0.1694803381820499, 0.5349639062105608, 0.4965460950981434, 0.6383926965815688, -0.11580353986780483, -0.1438423069505872, 0.2746814350323097, 0.28333257467067063, -0.19834862881771062, 0.1712424078088653, 0.07727073293192391, -0.2715131685863569, -0.35916859834315396, -0.11134988747785755, 0.05678866312878419, 0.08636426202841367, 0.030280429000172384, 0.040645302959628114, -0.03150634712972299]
LAYER  36
Energy:  -39.41722067158247
Operators:  [1, 7, 5, 6]
  (0, 12)	1.0
  (12, 0)	-1.0
  (19, 40)	-1.0
  (24, 48)	-1.0
  (25, 49)	-1.0
  (40, 19)	1.0
  (48, 24)	1.0
  (49, 25)	1.0
Gradient:  0.20597441224431923
Parameters:  [-1.3983295884488849, -0.3248379662101038, -0.11056465359299361, -0.24562580210308274, 1.8462206397592402, -0.14876194420435596, 0.14973587942104855, 0.32659495533926497, 0.7675244547410253, -0.25579877100419474, -0.31692941650436884, -0.15243812964254397, -0.15285657130597502, 0.3639074868981533, 0.35184914165756337, 0.014181246155788264, 0.1256952517871248, 0.19935454261840052, 0.5406354084413103, 0.5049466368946562, 0.6473239865716394, -0.11941425531756006, -0.14997637751725754, 0.2885175033563822, 0.2979511844015003, -0.21884587120309282, 0.17493447007397228, 0.080138147241393, -0.24775384195147504, -0.36419237778360164, -0.06284333364695924, 0.0631440329441256, 0.19498502018789265, 0.03518427507738465, 0.040448988712495915, -0.03700903356719153, -0.17054705224668393]
LAYER  37
Energy:  -39.43406566282373
Operators:  [0, 8, 4, 10]
  (0, 25)	1.0
  (2, 36)	1.0
  (5, 42)	1.0
  (12, 49)	-1.0
  (25, 0)	-1.0
  (36, 2)	-1.0
  (42, 5)	-1.0
  (49, 12)	1.0
Gradient:  0.23389069922495276
Parameters:  [-1.4187799174163096, -0.32988568404412083, -0.10949688754504, -0.2496564708784688, 1.8567822748613543, -0.14869117508862073, 0.1460304450866723, 0.3272503756237716, 0.758532442151949, -0.2718216103123407, -0.3194632157604581, -0.161859133846331, -0.15829096432534995, 0.34962743780081335, 0.33874278603926167, -0.013751458017116877, 0.10565022816847483, 0.13839214847256834, 0.5622610366169211, 0.5114312703141737, 0.6545869692512782, -0.1148537325122327, -0.15688467607494735, 0.28861348810638815, 0.30643605000325674, -0.2305565100881154, 0.20971679554098546, 0.08117811684509685, -0.2351560936788851, -0.39635023740901887, 0.027673817031632443, 0.0823635351141767, 0.38994340582961956, 0.03890817174354384, 0.05871363253511556, -0.0013420841409132174, -0.3443367393702443, 0.13455307193837981]
LAYER  38
Energy:  -39.43904747978022
Operators:  [0, 9, 4, 8]
  (4, 37)	-1.0
  (6, 41)	-1.0
  (8, 43)	-1.0
  (14, 50)	1.0
  (37, 4)	1.0
  (41, 6)	1.0
  (43, 8)	1.0
  (50, 14)	-1.0
Gradient:  0.18575512369915953
Parameters:  [-1.4205244125043028, -0.3295892279925031, -0.10966086597826703, -0.2492128308920302, 1.860191481030398, -0.1515280151426918, 0.14598160615978203, 0.3277545296291922, 0.7580051014315894, -0.27566145064929337, -0.32007953597113026, -0.16187977618321364, -0.16217514134432676, 0.3488065540341953, 0.33766776440818436, -0.017549135527902198, 0.10334816808894384, 0.13525874099858073, 0.5621011386786714, 0.520710279496771, 0.6469332159619902, -0.10735184713684168, -0.1581440272638726, 0.2904862777278643, 0.30479993351873685, -0.22636088495731604, 0.2064977619023039, 0.08160202636628634, -0.231370637792144, -0.40471417049591507, 0.033557743363749865, 0.08893285385860787, 0.40638761444567867, 0.039087121895635527, 0.058556916812532785, -0.002949328972461826, -0.3599333945890423, 0.14531309469871384, -0.05356020997717168]
LAYER  39
Energy:  -39.445189033029266
Operators:  [3, 6, 5, 7]
  (7, 13)	1.0
  (8, 14)	1.0
  (13, 7)	-1.0
  (14, 8)	-1.0
  (22, 30)	1.0
  (30, 22)	-1.0
  (43, 50)	-1.0
  (50, 43)	1.0
Gradient:  0.08991922508309452
Parameters:  [-1.4180063122332285, -0.33176445761236856, -0.11174322149449013, -0.2556748367637694, 1.8412145267242965, -0.1578063532937041, 0.14676528579599687, 0.32928794296624675, 0.7529558774786563, -0.27332538589854827, -0.32020190286397643, -0.16555747831421352, -0.16536069848327997, 0.35313475036827136, 0.3423066131987564, -0.012478904832274599, 0.10321848581525321, 0.14161349181000402, 0.5682341201633644, 0.5194211904559976, 0.6400296392204016, -0.08587588964360851, -0.12391972849500628, 0.2732109766919872, 0.2812367090056538, -0.22046545779451557, 0.19772865451955174, 0.08030381287627408, -0.22576896759282214, -0.37219258203337746, 0.0380204804065928, 0.07707022997168746, 0.39535796901300324, 0.036487955598447294, 0.058248500214018326, -0.010228898290917401, -0.3513212838112956, 0.14012613242785776, -0.16987130065034103, 0.134400907619539]
LAYER  40
Energy:  -39.447295865434924
Operators:  [1, 8, 2, 10]
  (0, 4)	-1.0
  (4, 0)	1.0
  (20, 32)	1.0
  (23, 36)	-1.0
  (26, 39)	-1.0
  (32, 20)	-1.0
  (36, 23)	1.0
  (39, 26)	1.0
Gradient:  0.06118722240584515
Parameters:  [-1.4135095884594862, -0.33163831484533124, -0.11251351776881117, -0.25557535717152763, 1.8432743204804547, -0.15971783589502372, 0.1459783631573721, 0.3294749633691818, 0.756434278052213, -0.2756518775193625, -0.3202126452852304, -0.16230752646613264, -0.16825487721892196, 0.35276132605442806, 0.3465152097858722, -0.014450091306228345, 0.10672700491401062, 0.1525102350465739, 0.5686017093464948, 0.515709143171313, 0.6439758298832013, -0.08941190070490615, -0.11956449867971293, 0.2679614663052649, 0.2718082514323699, -0.209790792853914, 0.18520270872558658, 0.08002550289692617, -0.22463118969010779, -0.3685775048537751, 0.034388115751072035, 0.07561042478133219, 0.39604941475267424, 0.036378745018855886, 0.047132234196445, -0.018098968317220545, -0.3473676061208821, 0.13702705904253715, -0.18275713715107827, 0.1491361407378976, 0.06896481621548134]
LAYER  41
Energy:  -39.44960633552819
Operators:  [0, 7, 1, 6]
  (3, 17)	1.0
  (4, 18)	1.0
  (9, 22)	1.0
  (10, 23)	1.0
  (13, 28)	1.0
  (14, 29)	1.0
  (17, 3)	-1.0
  (18, 4)	-1.0
  (22, 9)	-1.0
  (23, 10)	-1.0
  (28, 13)	-1.0
  (29, 14)	-1.0
Gradient:  0.08753573839424766
Parameters:  [-1.4067932807420016, -0.33366541550480255, -0.11139152059041865, -0.2569610623689045, 1.852386129713236, -0.158665592991948, 0.1414309192428617, 0.3272738571611491, 0.7612850985089993, -0.27757230037398456, -0.32090772061802675, -0.16180008307444532, -0.17400917624448958, 0.35462480764736604, 0.3465891032449098, -0.01768367331968073, 0.11123143530119853, 0.1541152916296789, 0.5759683460750631, 0.5226310248850734, 0.6581783472590778, -0.09084558491474752, -0.11050345673290549, 0.2565497189861992, 0.2589725044694524, -0.1946889815466433, 0.16818452080802881, 0.0794588652159612, -0.23011391133137127, -0.3768267822406217, 0.031219838418825398, 0.07990205891614818, 0.3963866766863571, 0.038468737360537075, 0.0356378797024229, -0.0225468221431828, -0.3501696081084027, 0.13484860174471186, -0.20044550232250669, 0.16414745556593593, 0.14620561128276854, -0.052814548087291066]
LAYER  42
Energy:  -39.450959088508014
Operators:  [7, 11, 10, 11]
  (0, 1)	1.0
  (1, 0)	-1.0
  (6, 8)	-1.0
  (8, 6)	1.0
  (10, 11)	1.0
  (11, 10)	-1.0
  (16, 18)	-1.0
  (18, 16)	1.0
  (20, 22)	-1.0
  (22, 20)	1.0
  (27, 29)	-1.0
  (29, 27)	1.0
  (34, 36)	-1.0
  (36, 34)	1.0
  (38, 40)	-1.0
  (40, 38)	1.0
  (41, 43)	-1.0
  (43, 41)	1.0
  (47, 49)	-1.0
  (49, 47)	1.0
Gradient:  0.07617658605571309
Parameters:  [-1.4057460321523922, -0.33317744236417407, -0.11066754869763365, -0.2594115681436125, 1.8619809941464813, -0.16747800583460326, 0.13994581590473332, 0.32792077670582304, 0.7658250226423322, -0.281379030756122, -0.32492363171827915, -0.16301764685935136, -0.17872818352423445, 0.3587147910708598, 0.350814744194219, -0.019925066902165337, 0.11026606587861315, 0.15967421982821753, 0.5739201310893206, 0.518560858844622, 0.639329198078156, -0.09415152098836788, -0.11056163977459364, 0.2597978076368505, 0.25966485158113234, -0.19489698767399896, 0.16269092473271546, 0.08003715717267947, -0.2159426930314798, -0.3878994094357543, 0.02674402736637214, 0.08160819391014519, 0.40524861896742775, 0.03457098179585387, 0.026966808269956215, -0.028582036815570377, -0.3569730919103666, 0.13412989622529142, -0.21533015046571644, 0.1739816043393833, 0.17594722201985502, -0.061533495759880444, 0.03552676869280839]
LAYER  43
Energy:  -39.4517708248663
Operators:  [3, 6, 4, 11]
  (5, 10)	-1.0
  (7, 11)	-1.0
  (10, 5)	1.0
  (11, 7)	1.0
  (21, 25)	-1.0
  (25, 21)	1.0
  (31, 37)	-1.0
  (37, 31)	1.0
  (44, 50)	-1.0
  (50, 44)	1.0
Gradient:  0.06718909532223805
Parameters:  [-1.4043512004148395, -0.33294112794516934, -0.11276814239741378, -0.25691778769860474, 1.867104474700076, -0.16254306733843418, 0.12910249550371256, 0.3269325421767667, 0.76536756099029, -0.2827883409335544, -0.3243053424750002, -0.16179091061886453, -0.17637893001900162, 0.35709330344259377, 0.3500088319015831, -0.02335671896304975, 0.11222461013541327, 0.1626953112336596, 0.5714775625780298, 0.5152622026341496, 0.6570961011312766, -0.09565290788919106, -0.1112611538255101, 0.2597005099444259, 0.2597113424821817, -0.20316270366410344, 0.17000693867326716, 0.07697317951127508, -0.2176115580757456, -0.39496568754276673, 0.02583475209593653, 0.08373678922603447, 0.4183808375077132, 0.03401647358595235, 0.023819570643840278, -0.024288232539251046, -0.3620040191646448, 0.13657319150895822, -0.20747413975054887, 0.1682289906284123, 0.17850948583887816, -0.06179031750940201, 0.03896247401554719, 0.0237155449521401]
LAYER  44
Energy:  -39.45287591947417
Operators:  [0, 9, 5, 10]
  (0, 30)	-1.0
  (2, 40)	-1.0
  (5, 44)	-1.0
  (6, 45)	-1.0
  (10, 50)	-1.0
  (30, 0)	1.0
  (40, 2)	1.0
  (44, 5)	1.0
  (45, 6)	1.0
  (50, 10)	1.0
Gradient:  0.07995951723945649
Parameters:  [-1.4038286675804035, -0.33313086434448247, -0.1008590866953317, -0.2526899620890824, 1.8763515704620628, -0.16148887676207554, 0.12644245709552698, 0.32422271363262456, 0.7662558193604531, -0.2876526484704099, -0.3285887192575318, -0.16047848712786122, -0.17634819483779704, 0.35509906199284114, 0.34814069019243016, -0.02711631152033278, 0.11103947821865194, 0.15239203189648218, 0.5696061677679678, 0.5158111255243466, 0.6561153871055712, -0.09624817869259242, -0.11418804025123278, 0.2606781254084898, 0.2620916104780489, -0.2002812677462669, 0.17160797288073276, 0.07281604452539098, -0.21565367156026527, -0.406461304647783, 0.026980874994712863, 0.09352217671327887, 0.4319553771758751, 0.029427991052196536, 0.024969042878736615, -0.017842215433516995, -0.37832623027823004, 0.14313431508778415, -0.2038302445741965, 0.1610810525047597, 0.18961790479207782, -0.06566223080594022, 0.04732329281464249, 0.03485663956789761, 0.027499700731663083]
LAYER  45
Energy:  -39.45316010787796
Operators:  [1, 9, 4, 9]
  (0, 10)	1.0
  (1, 11)	1.0
  (10, 0)	-1.0
  (11, 1)	-1.0
  (15, 33)	-1.0
  (16, 34)	-1.0
  (17, 35)	-1.0
  (18, 36)	-1.0
  (21, 42)	-1.0
  (26, 46)	1.0
  (27, 47)	1.0
  (28, 48)	1.0
  (29, 49)	1.0
  (33, 15)	1.0
  (34, 16)	1.0
  (35, 17)	1.0
  (36, 18)	1.0
  (42, 21)	1.0
  (46, 26)	-1.0
  (47, 27)	-1.0
  (48, 28)	-1.0
  (49, 29)	-1.0
Gradient:  0.01987969552636587
Parameters:  [-1.4025508165426412, -0.33301865747585774, -0.10033450912202659, -0.2538142587774281, 1.88340529950186, -0.1591574167180286, 0.12368783867765562, 0.32469888949251263, 0.7677140278643237, -0.2925027346079536, -0.32663693646578895, -0.16209612135123705, -0.17289338250481115, 0.35147651710617794, 0.34791075933591276, -0.03024794466259715, 0.11604028240159493, 0.12298481551134327, 0.5714683884619378, 0.5130100354476644, 0.6627094414573591, -0.0930317107286288, -0.11947388137605967, 0.26445697053377765, 0.2691918625316701, -0.18104441886447525, 0.18472845570088953, 0.07140654842395311, -0.21708444396932325, -0.4335022825786347, 0.02931846614177393, 0.09827550064256109, 0.43921266885352994, 0.028806752548301662, 0.025547844223862692, -0.01328857397639977, -0.37996050588544594, 0.1607531922222377, -0.19658372095808935, 0.15311675714471584, 0.1859289444518286, -0.06423208958510314, 0.050293006828343964, 0.035794074997573096, 0.029286250314524327, -0.0277414074874827]
LAYER  46
Energy:  -39.45326587041032
Operators:  [1, 11, 3, 6]
  (0, 5)	-1.0
  (1, 7)	-1.0
  (5, 0)	1.0
  (7, 1)	1.0
  (19, 31)	1.0
  (25, 42)	-1.0
  (30, 44)	-1.0
  (31, 19)	-1.0
  (42, 25)	1.0
  (44, 30)	1.0
Gradient:  0.016086152728163466
Parameters:  [-1.3981336898304084, -0.3338932415102027, -0.10013282728287458, -0.2549498440174802, 1.8826644931726393, -0.1591367338768391, 0.12583226001012768, 0.3259756231846555, 0.7686819435422848, -0.2886784606340266, -0.32545224468474027, -0.1628051499762714, -0.1724813500999055, 0.35088580341677567, 0.3473306027563667, -0.031114494726200655, 0.11536680656987622, 0.11786331381379782, 0.5734916817561642, 0.5147150723575499, 0.6629006190945003, -0.09079675080718738, -0.11863346853928516, 0.26658959938731175, 0.27267653200496117, -0.1791708745486334, 0.18674310458536708, 0.07168031828489303, -0.21767555479394035, -0.4374707087933736, 0.03644651473515203, 0.0988555651120874, 0.44056813662536054, 0.03055076024258212, 0.020513895685658975, -0.012187130784822588, -0.38230671393668253, 0.16445710223136717, -0.1967025822990995, 0.15617069403097217, 0.1750072072983912, -0.06363177565503213, 0.04420498232382425, 0.0338018515744187, 0.03024982433453288, -0.031265690216244334, 0.013346464119297286]
LAYER  47
Energy:  -39.45337690716866
Operators:  [1, 7, 4, 7]
Gradient:  0.007888371618300805
Parameters:  [-1.39501605 -0.33312522 -0.10143118 -0.25745036  1.88341018 -0.16163062
  0.12591114  0.32666312  0.76986737 -0.28574209 -0.32707076 -0.16073525
 -0.17188614  0.3516275   0.34730982 -0.03432262  0.11121291  0.11337589
  0.57681602  0.51899058  0.67249073 -0.0897201  -0.12124542  0.27147963
  0.27981622 -0.17711788  0.16235559  0.07172329 -0.22575674 -0.44018354
  0.03287703  0.10018087  0.43181683  0.03060523  0.02208598 -0.01548294
 -0.37502821  0.15516657 -0.19542076  0.15390008  0.15568151 -0.06097838
  0.03907163  0.0359953   0.0293458  -0.03568068  0.0192012   0.02754416]
