0 0 -29.8655050000000024
0 2 3.0037485491795479
0 3 3.7638586855778735
0 4 -0.0091650000000003
0 6 -1.1027500000000001
0 7 -1.5584110388469403
0 9 -2.0541627955500079
0 10 -3.0037485491795479
0 11 0.6889338110442831
0 12 1.7096958900278663
0 14 -1.0522650000000002
0 17 1.9009985491795480
0 20 1.7096958900278663
0 21 0.6889338110442831
0 23 1.5584110388469403
0 25 -0.5966341818903775
0 26 -2.0541627955500079
0 38 3.7638586855778735
0 42 -0.9007550000000002
0 46 1.1027500000000001
0 48 -1.3652289845057246
0 49 -0.5966341818903775
0 51 -1.9009985491795480
0 54 2.3986297010721493
1 1 -24.5705050000000007
1 2 -1.0019000000000002
1 3 -1.9009985491795480
1 5 -0.0091650000000003
1 6 -3.0144499999999992
1 7 0.0667056067264966
1 9 -0.1015004836068173
1 10 2.0813625000000004
1 11 -1.6118531966873453
1 13 -1.7096958900278663
1 14 -1.9009985491795480
1 18 1.9009985491795480
1 19 1.0789250000000006
1 20 0.5091031966873453
1 22 -0.6889338110442831
1 24 1.5584110388469403
1 25 -1.7342150334467601
1 26 -0.4921463197058372
1 39 3.7638586855778735
1 43 0.9007550000000002
1 47 1.1027500000000001
1 48 -0.7982485491795480
1 49 0.8524224304885460
1 51 -3.1602874999999999
1 55 2.3986297010721493
2 0 3.0037485491795479
2 1 -1.0019000000000002
2 2 -21.8906875000000021
2 3 1.1027499999999997
2 4 -0.7982485491795480
2 7 -1.2256337924518885
2 8 1.1027500000000001
2 9 -0.4921463197058372
2 10 1.0789250000000006
2 12 -2.4946453524922023
2 13 -0.6889338110442831
2 16 1.0522650000000002
2 17 -1.9530200000000002
2 19 2.0813625000000004
2 21 1.3918953524922024
2 22 -1.7096958900278663
2 23 -0.9343764587781258
2 26 -0.1015004836068173
2 27 0.5966341818903775
2 40 3.7638586855778735
2 44 0.9007550000000002
2 46 -1.5419000000000000
2 49 0.1758039945998195
2 50 1.3652289845057246
2 53 1.9009985491795480
2 54 -1.9009985491795480
3 0 3.7638586855778735
3 1 -1.9009985491795480
3 2 1.1027499999999997
3 3 -17.6702874999999970
3 5 0.7982485491795480
3 7 1.7342150334467601
3 8 -3.0144499999999992
3 9 2.6208250000000004
3 11 -1.0789250000000006
3 12 -2.0813625000000004
3 13 -1.1027499999999997
3 16 -1.9009985491795480
3 18 1.9530200000000002
3 20 -2.0813625000000004
3 21 -1.0789250000000006
3 22 1.9009985491795480
3 24 0.9343764587781258
3 26 2.6208250000000004
3 27 -1.7342150334467601
3 41 3.7638586855778735
3 45 -0.9007550000000002
3 47 1.5419000000000000
3 49 0.9343764587781258
3 50 -0.7982485491795480
3 53 -3.1602874999999999
3 55 1.9009985491795480
4 0 -0.0091650000000003
4 2 -0.7982485491795480
4 4 -31.2807449999999996
4 5 -2.0024990327863654
4 6 -1.1027499999999999
4 7 1.9100190280465792
4 8 3.7638586855778735
4 9 2.3986297010721493
4 10 0.7982485491795480
4 12 -1.3652289845057246
4 14 -2.3159950000000000
4 15 -0.1758039945998195
4 16 0.1015004836068173
4 23 -1.9100190280465792
4 28 2.0024990327863650
4 29 1.7096958900278663
4 33 -0.1015004836068173
4 34 -0.5966341818903775
4 35 -2.0541627955500079
4 42 -1.0522650000000002
4 44 1.9009985491795480
4 46 1.1027499999999999
4 56 0.1758039945998195
4 57 -1.3652289845057246
4 58 -0.5966341818903775
4 61 -1.9009985491795480
4 63 2.3986297010721493
4 65 3.7638586855778735
5 1 -0.0091650000000003
5 3 0.7982485491795480
5 4 -2.0024990327863654
5 5 -28.0885925000000078
5 6 1.0430999999999997
5 7 -0.8676708520516290
5 8 -1.1027499999999999
5 9 -1.9009985491795480
5 11 0.7982485491795480
5 13 1.3652289845057246
5 14 -0.1015004836068173
5 15 -1.2256337924518885
5 16 0.0770250000000002
5 24 -1.9100190280465792
5 28 1.0789250000000006
5 29 2.5116022294737106
5 33 -2.6208250000000004
5 34 -1.7342150334467601
5 35 -0.4921463197058372
5 43 1.0522650000000002
5 45 1.9009985491795480
5 47 1.1027499999999999
5 56 -0.9343764587781258
5 57 -0.7982485491795480
5 58 0.8524224304885460
5 62 1.9009985491795480
5 64 2.3986297010721493
5 66 3.7638586855778735
6 0 -1.1027500000000001
6 1 -3.0144499999999992
6 4 -1.1027499999999999
6 5 1.0430999999999997
6 6 -25.0833075000000072
6 7 -0.8676708520516290
6 8 -0.1015004836068172
6 9 1.9009985491795480
6 10 -1.5419000000000000
6 11 -1.1027500000000001
6 15 -1.2256337924518885
6 17 0.0770250000000002
6 18 -0.1015004836068173
6 25 -1.9100190280465792
6 30 -1.2903948688853855
6 32 -0.6889338110442831
6 34 1.5584110388469403
6 36 -0.4921463197058372
6 37 2.0541627955500079
6 42 -1.9009985491795480
6 43 -1.9530200000000002
6 48 1.1027499999999999
6 57 1.1027500000000001
6 59 0.8524224304885460
6 60 0.5966341818903775
6 61 -3.1602874999999999
6 62 -1.9009985491795480
6 67 3.7638586855778735
7 0 -1.5584110388469403
7 1 0.0667056067264966
7 2 -1.2256337924518885
7 3 1.7342150334467601
7 4 1.9100190280465792
7 5 -0.8676708520516290
7 6 -0.8676708520516290
7 7 -25.0999550000000120
7 8 1.9100190280465792
7 10 -0.9343764587781258
7 11 -0.8524224304885460
7 12 -0.1758039945998195
7 13 0.5966341818903775
7 14 0.1758039945998195
7 16 -1.2256337924518885
7 17 -1.2256337924518885
7 18 0.1758039945998195
7 26 -1.9100190280465792
7 31 1.4933958360990196
7 33 -0.9343764587781258
7 35 1.5584110388469403
7 36 -1.7342150334467601
7 37 0.5966341818903775
7 49 1.1027499999999999
7 56 -1.5419000000000000
7 58 1.1027500000000001
7 59 -0.7982485491795480
7 60 1.3652289845057246
7 68 3.7638586855778735
8 2 1.1027500000000001
8 3 -3.0144499999999992
8 4 3.7638586855778735
8 5 -1.1027499999999999
8 6 -0.1015004836068172
8 7 1.9100190280465792
8 8 -19.0855275000000013
8 9 -3.1602874999999999
8 12 1.5419000000000000
8 13 -1.1027500000000001
8 15 -0.1758039945998195
8 17 0.1015004836068173
8 18 -2.3159950000000000
8 27 -1.9100190280465792
8 30 -2.0813625000000004
8 32 0.1015004836068171
8 34 0.9343764587781258
8 36 2.6208250000000004
8 37 -0.1015004836068173
8 44 -1.9009985491795480
8 45 1.9530200000000002
8 50 1.1027499999999999
8 57 1.5419000000000000
8 59 0.9343764587781258
8 60 0.1758039945998195
8 63 -3.1602874999999999
8 64 1.9009985491795480
8 69 3.7638586855778735
9 0 -2.0541627955500079
9 1 -0.1015004836068173
9 2 -0.4921463197058372
9 3 2.6208250000000004
9 4 2.3986297010721493
9 5 -1.9009985491795480
9 6 1.9009985491795480
9 8 -3.1602874999999999
9 9 -18.6787649999999985
9 10 0.4921463197058372
9 11 0.0770250000000002
9 12 -2.2982500000000003
9 13 0.4921463197058372
9 19 0.1015004836068173
9 20 -2.3159950000000000
9 21 0.0770250000000002
9 22 0.1015004836068173
9 28 1.9009985491795480
9 29 -1.0522650000000002
9 30 1.9530200000000002
9 32 -1.9009985491795480
9 38 2.6208250000000004
9 39 -0.1015004836068173
9 40 -0.4921463197058372
9 41 -2.0541627955500079
9 46 -1.9009985491795480
9 47 1.9530200000000002
9 48 -1.0522650000000002
9 50 1.9009985491795480
9 57 -0.9007550000000002
9 65 -3.1602874999999999
9 66 1.9009985491795480
9 67 -1.9009985491795480
9 69 2.3986297010721493
10 0 -3.0037485491795479
10 1 2.0813625000000004
10 2 1.0789250000000006
10 4 0.7982485491795480
10 6 -1.5419000000000000
10 7 -0.9343764587781258
10 9 0.4921463197058372
10 10 -21.8906875000000021
10 11 -1.3918953524922024
10 12 2.4946453524922023
10 13 3.7638586855778735
10 19 -1.0019000000000002
10 23 -1.2256337924518885
10 25 -0.1758039945998195
10 26 0.1015004836068173
10 33 1.0522650000000002
10 36 -1.9009985491795480
10 38 -1.1027499999999995
10 39 -1.7096958900278663
10 40 -0.6889338110442831
10 51 -1.9530200000000002
10 54 1.9009985491795480
10 61 0.9007550000000002
10 65 -1.1027500000000001
10 67 1.3652289845057246
10 68 0.5966341818903775
11 0 0.6889338110442831
11 1 -1.6118531966873453
11 3 -1.0789250000000006
11 5 0.7982485491795480
11 6 -1.1027500000000001
11 7 -0.8524224304885460
11 9 0.0770250000000002
11 10 -1.3918953524922024
11 11 -20.6727225000000026
11 12 -1.0019000000000002
11 13 -1.3918953524922024
11 20 -1.0019000000000002
11 24 -1.2256337924518885
11 25 -1.2256337924518885
11 26 0.0770250000000002
11 33 1.9009985491795480
11 37 -1.9009985491795480
11 38 -1.0789250000000006
11 39 -1.6118531966873451
11 41 0.6889338110442831
11 51 -1.9009985491795480
11 55 1.9009985491795480
11 62 -0.9007550000000002
11 66 -1.1027500000000001
11 67 0.7982485491795480
11 68 -0.8524224304885460
12 0 1.7096958900278663
12 2 -2.4946453524922023
12 3 -2.0813625000000004
12 4 -1.3652289845057246
12 7 -0.1758039945998195
12 8 1.5419000000000000
12 9 -2.2982500000000003
12 10 2.4946453524922023
12 11 -1.0019000000000002
12 12 -14.3630650000000024
12 13 2.4946453524922023
12 21 -1.0019000000000002
12 23 0.1758039945998195
12 26 -2.3159950000000000
12 27 0.1758039945998195
12 35 -1.0522650000000002
12 36 1.9530200000000002
12 38 -2.0813625000000004
12 40 -2.4946453524922019
12 41 1.7096958900278663
12 53 1.9530200000000002
12 54 -1.0522650000000002
12 63 -0.9007550000000002
12 65 1.5419000000000000
12 68 -0.1758039945998195
12 69 -1.3652289845057246
13 1 -1.7096958900278663
13 2 -0.6889338110442831
13 3 -1.1027499999999997
13 5 1.3652289845057246
13 7 0.5966341818903775
13 8 -1.1027500000000001
13 9 0.4921463197058372
13 10 3.7638586855778735
13 11 -1.3918953524922024
13 12 2.4946453524922023
13 13 -14.2196999999999960
13 22 -1.0019000000000002
13 24 -0.1758039945998195
13 26 0.1015004836068173
13 27 -1.2256337924518885
13 35 1.9009985491795480
13 37 -1.9530200000000002
13 39 2.0813625000000004
13 40 1.0789250000000006
13 41 -3.0037485491795475
13 53 -1.9009985491795480
13 55 1.0522650000000002
13 64 0.9007550000000002
13 66 -1.5419000000000000
13 68 -0.9343764587781258
13 69 0.7982485491795480
14 0 -1.0522650000000002
14 1 -1.9009985491795480
14 4 -2.3159950000000000
14 5 -0.1015004836068173
14 7 0.1758039945998195
14 14 -31.2807449999999996
14 15 -1.9100190280465792
14 16 2.0024990327863654
14 17 1.1027499999999999
14 18 3.7638586855778735
14 19 1.9009985491795480
14 20 2.3986297010721493
14 23 -0.1758039945998195
14 24 -0.5966341818903775
14 26 -1.3652289845057246
14 28 0.1015004836068173
14 29 -2.0541627955500079
14 31 -0.5966341818903775
14 33 -2.0024990327863654
14 35 1.7096958900278663
14 42 -0.0091650000000001
14 43 0.7982485491795480
14 51 -1.1027499999999999
14 56 1.9100190280465792
14 70 -0.7982485491795480
14 71 -1.3652289845057246
14 74 2.3986297010721493
14 75 3.7638586855778735
15 4 -0.1758039945998195
15 5 -1.2256337924518885
15 6 -1.2256337924518885
15 8 -0.1758039945998195
15 14 -1.9100190280465792
15 15 -25.0999550000000049
15 16 -0.8676708520516290
15 17 -0.8676708520516290
15 18 -1.9100190280465792
15 23 -1.5419000000000000
15 24 -1.1027500000000001
15 25 0.7982485491795480
15 27 1.3652289845057246
15 28 -0.9343764587781258
15 29 -1.5584110388469403
15 30 1.7342150334467601
15 32 0.5966341818903775
15 34 -1.4933958360990196
15 42 1.5584110388469403
15 43 -1.2256337924518885
15 44 0.0667056067264966
15 45 -1.7342150334467601
15 52 -1.1027499999999999
15 57 1.9100190280465792
15 70 -0.9343764587781258
15 71 0.1758039945998195
15 72 0.8524224304885460
15 73 0.5966341818903775
15 76 3.7638586855778735
16 2 1.0522650000000002
16 3 -1.9009985491795480
16 4 0.1015004836068173
16 5 0.0770250000000002
16 7 -1.2256337924518885
16 14 2.0024990327863654
16 15 -0.8676708520516290
16 16 -28.0885924999999936
16 17 1.0430999999999997
16 18 1.1027499999999999
16 21 -1.9009985491795480
16 22 2.3986297010721493
16 23 -0.9343764587781258
16 24 -0.8524224304885460
16 26 0.7982485491795480
16 28 -2.6208250000000004
16 29 0.4921463197058372
16 31 1.7342150334467601
16 33 1.0789250000000006
16 35 -2.5116022294737106
16 44 -0.0091650000000001
16 45 -0.7982485491795480
16 53 -1.1027499999999999
16 58 1.9100190280465792
16 72 -0.7982485491795480
16 73 1.3652289845057246
16 74 1.9009985491795480
16 77 3.7638586855778735
17 0 1.9009985491795480
17 2 -1.9530200000000002
17 6 0.0770250000000002
17 7 -1.2256337924518885
17 8 0.1015004836068173
17 14 1.1027499999999999
17 15 -0.8676708520516290
17 16 1.0430999999999997
17 17 -25.0833075000000001
17 18 0.1015004836068172
17 19 -3.1602874999999999
17 21 1.9009985491795480
17 25 -0.8524224304885460
17 26 -1.1027500000000001
17 27 0.5966341818903775
17 30 0.4921463197058372
17 31 -1.5584110388469403
17 32 2.0541627955500079
17 36 1.2903948688853855
17 37 -0.6889338110442831
17 42 1.1027500000000001
17 44 -3.0144499999999992
17 54 -1.1027499999999999
17 59 1.9100190280465792
17 70 -1.5419000000000000
17 72 1.1027500000000001
17 74 -1.9009985491795480
17 78 3.7638586855778735
18 1 1.9009985491795480
18 3 1.9530200000000002
18 6 -0.1015004836068173
18 7 0.1758039945998195
18 8 -2.3159950000000000
18 14 3.7638586855778735
18 15 -1.9100190280465792
18 16 1.1027499999999999
18 17 0.1015004836068172
18 18 -19.0855274999999978
18 20 -3.1602874999999999
18 22 -1.9009985491795480
18 25 0.9343764587781258
18 26 1.5419000000000000
18 27 -0.1758039945998195
18 30 2.6208250000000004
18 31 0.9343764587781258
18 32 0.1015004836068173
18 36 -2.0813625000000004
18 37 -0.1015004836068171
18 43 -1.1027500000000001
18 45 -3.0144499999999992
18 55 -1.1027499999999999
18 60 1.9100190280465792
18 71 1.5419000000000000
18 73 1.1027500000000001
18 74 -3.1602874999999999
18 79 3.7638586855778735
19 1 1.0789250000000006
19 2 2.0813625000000004
19 9 0.1015004836068173
19 10 -1.0019000000000002
19 14 1.9009985491795480
19 17 -3.1602874999999999
19 19 -24.5705050000000007
19 20 -0.5091031966873452
19 21 1.6118531966873453
19 22 3.7638586855778735
19 23 0.0667056067264966
19 25 -0.8524224304885460
19 26 0.4921463197058372
19 28 -0.0091650000000003
19 30 -1.1027500000000001
19 31 -1.5584110388469403
19 38 1.9009985491795478
19 39 -0.6889338110442831
19 40 -1.7096958900278663
19 46 -3.0144499999999992
19 48 0.7982485491795480
19 49 1.7342150334467601
19 70 0.9007550000000002
19 75 -1.9009985491795480
19 78 2.3986297010721493
20 0 1.7096958900278663
20 1 0.5091031966873453
20 3 -2.0813625000000004
20 9 -2.3159950000000000
20 11 -1.0019000000000002
20 14 2.3986297010721493
20 18 -3.1602874999999999
20 19 -0.5091031966873452
20 20 -19.7226999999999961
20 21 -1.0019000000000002
20 22 -0.5091031966873454
20 24 0.0667056067264966
20 25 0.0667056067264966
20 26 -2.2982500000000003
20 29 -0.0091650000000003
20 30 -3.0144499999999992
20 31 0.0667056067264966
20 38 -2.0813625000000004
20 39 0.5091031966873452
20 41 1.7096958900278663
20 47 -3.0144499999999992
20 48 -0.0091650000000001
20 49 0.0667056067264966
20 71 -0.9007550000000002
20 75 -3.1602874999999999
20 79 2.3986297010721493
21 0 0.6889338110442831
21 2 1.3918953524922024
21 3 -1.0789250000000006
21 9 0.0770250000000002
21 12 -1.0019000000000002
21 16 -1.9009985491795480
21 17 1.9009985491795480
21 19 1.6118531966873453
21 20 -1.0019000000000002
21 21 -20.6727224999999990
21 22 1.6118531966873451
21 23 0.8524224304885460
21 26 0.0770250000000002
21 27 0.8524224304885460
21 28 -0.7982485491795480
21 31 -1.2256337924518885
21 32 1.1027500000000001
21 38 -1.0789250000000006
21 40 1.3918953524922024
21 41 0.6889338110442831
21 46 1.1027500000000001
21 49 -1.2256337924518885
21 50 -0.7982485491795480
21 72 -0.9007550000000002
21 77 1.9009985491795480
21 78 -1.9009985491795480
22 1 -0.6889338110442831
22 2 -1.7096958900278663
22 3 1.9009985491795480
22 9 0.1015004836068173
22 13 -1.0019000000000002
22 16 2.3986297010721493
22 18 -1.9009985491795480
22 19 3.7638586855778735
22 20 -0.5091031966873454
22 21 1.6118531966873451
22 22 -16.8995174999999982
22 24 -0.8524224304885460
22 26 0.4921463197058372
22 27 0.0667056067264966
22 29 0.7982485491795480
22 31 1.7342150334467601
22 32 -3.0144499999999992
22 39 1.0789250000000006
22 40 2.0813625000000004
22 47 -1.1027500000000001
22 49 -1.5584110388469403
22 50 -0.0091650000000001
22 73 0.9007550000000002
22 77 -3.1602874999999999
22 79 1.9009985491795480
23 0 1.5584110388469403
23 2 -0.9343764587781258
23 4 -1.9100190280465792
23 10 -1.2256337924518885
23 12 0.1758039945998195
23 14 -0.1758039945998195
23 15 -1.5419000000000000
23 16 -0.9343764587781258
23 19 0.0667056067264966
23 21 0.8524224304885460
23 23 -25.0999549999999978
23 24 -1.4933958360990196
23 25 -1.1027499999999999
23 26 1.9100190280465792
23 27 3.7638586855778735
23 28 -0.8676708520516290
23 33 -1.2256337924518885
23 34 -1.1027500000000001
23 35 -1.5584110388469403
23 38 -1.7342150334467601
23 40 0.5966341818903775
23 46 -0.8676708520516290
23 51 -1.2256337924518885
23 52 0.7982485491795480
23 53 1.7342150334467601
23 65 -1.9100190280465792
23 75 -0.1758039945998195
23 76 1.3652289845057246
23 77 0.5966341818903775
24 1 1.5584110388469403
24 3 0.9343764587781258
24 5 -1.9100190280465792
24 11 -1.2256337924518885
24 13 -0.1758039945998195
24 14 -0.5966341818903775
24 15 -1.1027500000000001
24 16 -0.8524224304885460
24 20 0.0667056067264966
24 22 -0.8524224304885460
24 23 -1.4933958360990196
24 24 -23.1310625000000023
24 25 1.0430999999999997
24 26 -0.8676708520516290
24 27 -1.1027499999999999
24 29 -0.8676708520516290
24 33 -1.7342150334467601
24 34 -3.0144499999999992
24 35 0.0667056067264966
24 39 -1.7342150334467601
24 41 -0.5966341818903775
24 47 -0.8676708520516290
24 51 1.5584110388469403
24 52 -0.0091650000000001
24 53 0.0667056067264966
24 66 -1.9100190280465792
24 75 0.9343764587781258
24 76 0.7982485491795480
24 77 -0.8524224304885460
25 0 -0.5966341818903775
25 1 -1.7342150334467601
25 6 -1.9100190280465792
25 10 -0.1758039945998195
25 11 -1.2256337924518885
25 15 0.7982485491795480
25 17 -0.8524224304885460
25 18 0.9343764587781258
25 19 -0.8524224304885460
25 20 0.0667056067264966
25 23 -1.1027499999999999
25 24 1.0430999999999997
25 25 -23.1310625000000023
25 26 -0.8676708520516290
25 27 -1.4933958360990198
25 30 -0.8676708520516290
25 34 -0.0091650000000003
25 36 0.0667056067264966
25 37 1.5584110388469403
25 38 0.9343764587781258
25 39 1.5584110388469403
25 48 -0.8676708520516290
25 52 -3.0144499999999992
25 54 0.0667056067264966
25 55 -1.7342150334467601
25 67 -1.9100190280465792
25 76 -1.1027500000000001
25 78 -0.8524224304885460
25 79 -0.5966341818903775
26 0 -2.0541627955500079
26 1 -0.4921463197058372
26 2 -0.1015004836068173
26 3 2.6208250000000004
26 7 -1.9100190280465792
26 10 0.1015004836068173
26 11 0.0770250000000002
26 12 -2.3159950000000000
26 13 0.1015004836068173
26 14 -1.3652289845057246
26 16 0.7982485491795480
26 17 -1.1027500000000001
26 18 1.5419000000000000
26 19 0.4921463197058372
26 20 -2.2982500000000003
26 21 0.0770250000000002
26 22 0.4921463197058372
26 23 1.9100190280465792
26 24 -0.8676708520516290
26 25 -0.8676708520516290
26 26 -17.5648499999999963
26 27 1.9100190280465792
26 31 -0.8676708520516290
26 33 -0.7982485491795480
26 35 -0.0091650000000003
26 36 -3.0144499999999992
26 37 1.1027500000000001
26 38 2.6208250000000004
26 39 -0.4921463197058372
26 40 -0.1015004836068173
26 41 -2.0541627955500079
26 49 -0.8676708520516290
26 51 1.1027500000000001
26 53 -3.0144499999999992
26 54 -0.0091650000000001
26 55 -0.7982485491795480
26 68 -1.9100190280465792
26 74 -0.9007550000000002
26 75 1.5419000000000000
26 77 -1.1027500000000001
26 78 0.7982485491795480
26 79 -1.3652289845057246
27 2 0.5966341818903775
27 3 -1.7342150334467601
27 8 -1.9100190280465792
27 12 0.1758039945998195
27 13 -1.2256337924518885
27 15 1.3652289845057246
27 17 0.5966341818903775
27 18 -0.1758039945998195
27 21 0.8524224304885460
27 22 0.0667056067264966
27 23 3.7638586855778735
27 24 -1.1027499999999999
27 25 -1.4933958360990198
27 26 1.9100190280465792
27 27 -17.4289674999999988
27 32 -0.8676708520516290
27 34 0.7982485491795480
27 36 1.7342150334467601
27 37 -1.2256337924518885
27 40 -0.9343764587781258
27 41 1.5584110388469403
27 50 -0.8676708520516290
27 52 -1.1027500000000001
27 54 -1.5584110388469403
27 55 -1.2256337924518885
27 69 -1.9100190280465792
27 76 -1.5419000000000000
27 78 -0.9343764587781258
27 79 -0.1758039945998195
28 4 2.0024990327863650
28 5 1.0789250000000006
28 9 1.9009985491795480
28 14 0.1015004836068173
28 15 -0.9343764587781258
28 16 -2.6208250000000004
28 19 -0.0091650000000003
28 21 -0.7982485491795480
28 23 -0.8676708520516290
28 28 -28.0885925000000007
28 29 -2.5116022294737106
28 30 -1.1027499999999999
28 31 1.9100190280465792
28 32 3.7638586855778735
28 33 0.0770250000000002
28 34 -0.8524224304885460
28 35 0.4921463197058372
28 38 -0.7982485491795480
28 40 1.3652289845057246
28 46 1.0430999999999997
28 56 -1.2256337924518885
28 57 0.7982485491795480
28 58 1.7342150334467601
28 65 1.1027499999999999
28 70 1.0522650000000002
28 72 -1.9009985491795480
28 80 -1.9009985491795480
28 82 2.3986297010721493
29 4 1.7096958900278663
29 5 2.5116022294737106
29 9 -1.0522650000000002
29 14 -2.0541627955500079
29 15 -1.5584110388469403
29 16 0.4921463197058372
29 20 -0.0091650000000003
29 22 0.7982485491795480
29 24 -0.8676708520516290
29 28 -2.5116022294737106
29 29 -25.3436350000000026
29 30 1.0430999999999997
29 31 -0.8676708520516290
29 32 -1.1027499999999999
29 33 -0.4921463197058372
29 34 0.0667056067264966
29 35 -2.2982500000000003
29 39 -0.7982485491795480
29 41 -1.3652289845057246
29 47 1.0430999999999997
29 56 1.5584110388469403
29 57 -0.0091650000000001
29 58 0.0667056067264966
29 66 1.1027499999999999
29 71 -1.0522650000000002
29 73 -1.9009985491795480
29 81 1.9009985491795480
29 83 2.3986297010721493
30 6 -1.2903948688853855
30 8 -2.0813625000000004
30 9 1.9530200000000002
30 15 1.7342150334467601
30 17 0.4921463197058372
30 18 2.6208250000000004
30 19 -1.1027500000000001
30 20 -3.0144499999999992
30 25 -0.8676708520516290
30 28 -1.1027499999999999
30 29 1.0430999999999997
30 30 -19.3330649999999977
30 31 -0.8676708520516290
30 32 1.2903948688853855
30 34 0.0667056067264966
30 36 -2.2982500000000003
30 37 -0.4921463197058372
30 38 1.5419000000000000
30 39 1.1027500000000001
30 48 1.0430999999999997
30 57 -3.0144499999999992
30 59 0.0667056067264966
30 60 -1.7342150334467601
30 67 1.1027499999999999
30 70 1.9009985491795480
30 71 1.9530200000000002
30 80 -3.1602874999999999
30 81 -1.9009985491795480
31 7 1.4933958360990196
31 14 -0.5966341818903775
31 16 1.7342150334467601
31 17 -1.5584110388469403
31 18 0.9343764587781258
31 19 -1.5584110388469403
31 20 0.0667056067264966
31 21 -1.2256337924518885
31 22 1.7342150334467601
31 26 -0.8676708520516290
31 28 1.9100190280465792
31 29 -0.8676708520516290
31 30 -0.8676708520516290
31 31 -23.1310625000000094
31 32 1.9100190280465792
31 33 0.8524224304885460
31 35 0.0667056067264966
31 36 0.0667056067264966
31 37 0.8524224304885460
31 38 0.9343764587781258
31 39 0.8524224304885460
31 40 0.1758039945998195
31 41 -0.5966341818903775
31 49 1.0430999999999997
31 56 1.1027500000000001
31 58 -3.0144499999999992
31 59 -0.0091650000000001
31 60 -0.7982485491795480
31 68 1.1027499999999999
32 6 -0.6889338110442831
32 8 0.1015004836068171
32 9 -1.9009985491795480
32 15 0.5966341818903775
32 17 2.0541627955500079
32 18 0.1015004836068173
32 21 1.1027500000000001
32 22 -3.0144499999999992
32 27 -0.8676708520516290
32 28 3.7638586855778735
32 29 -1.1027499999999999
32 30 1.2903948688853855
32 31 1.9100190280465792
32 32 -17.4123199999999976
32 34 -0.8524224304885460
32 36 0.4921463197058372
32 37 0.0770250000000002
32 40 -1.5419000000000000
32 41 1.1027500000000001
32 50 1.0430999999999997
32 57 -1.1027500000000001
32 59 -1.5584110388469403
32 60 -1.2256337924518885
32 69 1.1027499999999999
32 72 1.9009985491795480
32 73 -1.9530200000000002
32 82 -3.1602874999999999
32 83 1.9009985491795480
33 4 -0.1015004836068173
33 5 -2.6208250000000004
33 7 -0.9343764587781258
33 10 1.0522650000000002
33 11 1.9009985491795480
33 14 -2.0024990327863654
33 16 1.0789250000000006
33 23 -1.2256337924518885
33 24 -1.7342150334467601
33 26 -0.7982485491795480
33 28 0.0770250000000002
33 29 -0.4921463197058372
33 31 0.8524224304885460
33 33 -28.0885924999999936
33 34 -1.9100190280465792
33 35 2.5116022294737106
33 36 1.1027499999999999
33 37 3.7638586855778735
33 38 1.9009985491795480
33 39 2.3986297010721493
33 51 1.0430999999999997
33 56 -0.8676708520516290
33 61 -0.0091650000000001
33 62 0.7982485491795480
33 74 -1.9009985491795480
33 75 -1.1027499999999999
33 80 0.7982485491795480
33 81 1.3652289845057246
34 4 -0.5966341818903775
34 5 -1.7342150334467601
34 6 1.5584110388469403
34 8 0.9343764587781258
34 15 -1.4933958360990196
34 23 -1.1027500000000001
34 24 -3.0144499999999992
34 25 -0.0091650000000003
34 27 0.7982485491795480
34 28 -0.8524224304885460
34 29 0.0667056067264966
34 30 0.0667056067264966
34 32 -0.8524224304885460
34 33 -1.9100190280465792
34 34 -23.1310625000000094
34 35 -0.8676708520516290
34 36 -0.8676708520516290
34 37 -1.9100190280465792
34 52 1.0430999999999997
34 57 -0.8676708520516290
34 61 1.5584110388469403
34 62 -1.2256337924518885
34 63 0.0667056067264966
34 64 -1.7342150334467601
34 76 -1.1027499999999999
34 80 0.9343764587781258
34 81 -0.1758039945998195
34 82 -0.8524224304885460
34 83 -0.5966341818903775
35 4 -2.0541627955500079
35 5 -0.4921463197058372
35 7 1.5584110388469403
35 12 -1.0522650000000002
35 13 1.9009985491795480
35 14 1.7096958900278663
35 16 -2.5116022294737106
35 23 -1.5584110388469403
35 24 0.0667056067264966
35 26 -0.0091650000000003
35 28 0.4921463197058372
35 29 -2.2982500000000003
35 31 0.0667056067264966
35 33 2.5116022294737106
35 34 -0.8676708520516290
35 35 -25.3436350000000026
35 36 1.0430999999999997
35 37 1.1027499999999999
35 40 -1.9009985491795480
35 41 2.3986297010721493
35 53 1.0430999999999997
35 58 -0.8676708520516290
35 63 -0.0091650000000001
35 64 -0.7982485491795480
35 74 -1.0522650000000002
35 77 -1.1027499999999999
35 82 0.7982485491795480
35 83 -1.3652289845057246
36 6 -0.4921463197058372
36 7 -1.7342150334467601
36 8 2.6208250000000004
36 10 -1.9009985491795480
36 12 1.9530200000000002
36 17 1.2903948688853855
36 18 -2.0813625000000004
36 25 0.0667056067264966
36 26 -3.0144499999999992
36 27 1.7342150334467601
36 30 -2.2982500000000003
36 31 0.0667056067264966
36 32 0.4921463197058372
36 33 1.1027499999999999
36 34 -0.8676708520516290
36 35 1.0430999999999997
36 36 -19.3330650000000013
36 37 -1.2903948688853855
36 38 -3.1602874999999999
36 40 1.9009985491795480
36 54 1.0430999999999997
36 59 -0.8676708520516290
36 61 1.1027500000000001
36 63 -3.0144499999999992
36 74 1.9530200000000002
36 78 -1.1027499999999999
36 80 1.5419000000000000
36 82 -1.1027500000000001
37 6 2.0541627955500079
37 7 0.5966341818903775
37 8 -0.1015004836068173
37 11 -1.9009985491795480
37 13 -1.9530200000000002
37 17 -0.6889338110442831
37 18 -0.1015004836068171
37 25 1.5584110388469403
37 26 1.1027500000000001
37 27 -1.2256337924518885
37 30 -0.4921463197058372
37 31 0.8524224304885460
37 32 0.0770250000000002
37 33 3.7638586855778735
37 34 -1.9100190280465792
37 35 1.1027499999999999
37 36 -1.2903948688853855
37 37 -17.4123200000000011
37 39 -3.1602874999999999
37 41 -1.9009985491795480
37 55 1.0430999999999997
37 60 -0.8676708520516290
37 62 -1.1027500000000001
37 64 -3.0144499999999992
37 74 1.9009985491795480
37 79 -1.1027499999999999
37 81 -1.5419000000000000
37 83 -1.1027500000000001
38 0 3.7638586855778735
38 9 2.6208250000000004
38 10 -1.1027499999999995
38 11 -1.0789250000000006
38 12 -2.0813625000000004
38 19 1.9009985491795478
38 20 -2.0813625000000004
38 21 -1.0789250000000006
38 23 -1.7342150334467601
38 25 0.9343764587781258
38 26 2.6208250000000004
38 28 -0.7982485491795480
38 30 1.5419000000000000
38 31 0.9343764587781258
38 33 1.9009985491795480
38 36 -3.1602874999999999
38 38 -17.6702875000000041
38 39 -1.9009985491795478
38 40 1.1027499999999999
38 41 3.7638586855778735
38 65 -3.0144499999999992
38 67 0.7982485491795480
38 68 1.7342150334467601
38 75 1.9530200000000002
38 78 -1.9009985491795480
38 80 -0.9007550000000002
39 1 3.7638586855778735
39 9 -0.1015004836068173
39 10 -1.7096958900278663
39 11 -1.6118531966873451
39 13 2.0813625000000004
39 19 -0.6889338110442831
39 20 0.5091031966873452
39 22 1.0789250000000006
39 24 -1.7342150334467601
39 25 1.5584110388469403
39 26 -0.4921463197058372
39 29 -0.7982485491795480
39 30 1.1027500000000001
39 31 0.8524224304885460
39 33 2.3986297010721493
39 37 -3.1602874999999999
39 38 -1.9009985491795478
39 39 -16.8995174999999982
39 40 -1.0019000000000002
39 66 -3.0144499999999992
39 67 -0.0091650000000001
39 68 0.0667056067264966
39 75 1.9009985491795480
39 79 -1.9009985491795480
39 81 0.9007550000000002
40 2 3.7638586855778735
40 9 -0.4921463197058372
40 10 -0.6889338110442831
40 12 -2.4946453524922019
40 13 1.0789250000000006
40 19 -1.7096958900278663
40 21 1.3918953524922024
40 22 2.0813625000000004
40 23 0.5966341818903775
40 26 -0.1015004836068173
40 27 -0.9343764587781258
40 28 1.3652289845057246
40 31 0.1758039945998195
40 32 -1.5419000000000000
40 35 -1.9009985491795480
40 36 1.9009985491795480
40 38 1.1027499999999999
40 39 -1.0019000000000002
40 40 -14.2197000000000031
40 41 3.0037485491795479
40 65 1.1027500000000001
40 68 -1.2256337924518885
40 69 -0.7982485491795480
40 77 -1.9530200000000002
40 78 1.0522650000000002
40 82 0.9007550000000002
41 3 3.7638586855778735
41 9 -2.0541627955500079
41 11 0.6889338110442831
41 12 1.7096958900278663
41 13 -3.0037485491795475
41 20 1.7096958900278663
41 21 0.6889338110442831
41 24 -0.5966341818903775
41 26 -2.0541627955500079
41 27 1.5584110388469403
41 29 -1.3652289845057246
41 31 -0.5966341818903775
41 32 1.1027500000000001
41 35 2.3986297010721493
41 37 -1.9009985491795480
41 38 3.7638586855778735
41 40 3.0037485491795479
41 41 -14.5235300000000009
41 66 -1.1027500000000001
41 68 -1.5584110388469403
41 69 -0.0091650000000001
41 77 1.9009985491795480
41 79 -1.0522650000000002
41 83 -0.9007550000000002
42 0 -0.9007550000000002
42 4 -1.0522650000000002
42 6 -1.9009985491795480
42 14 -0.0091650000000001
42 15 1.5584110388469403
42 17 1.1027500000000001
42 42 -29.8655050000000024
42 43 -3.0037485491795479
42 45 3.7638586855778735
42 46 1.9009985491795480
42 48 2.3986297010721493
42 51 -1.1027500000000001
42 52 -0.5966341818903775
42 54 -1.3652289845057246
42 56 -1.5584110388469403
42 57 -2.0541627955500079
42 59 -0.5966341818903775
42 62 0.6889338110442831
42 63 1.7096958900278663
42 70 3.0037485491795479
42 71 1.7096958900278663
42 72 0.6889338110442831
42 74 -2.0541627955500079
42 80 3.7638586855778735
43 1 0.9007550000000002
43 5 1.0522650000000002
43 6 -1.9530200000000002
43 14 0.7982485491795480
43 15 -1.2256337924518885
43 18 -1.1027500000000001
43 42 -3.0037485491795479
43 43 -21.8906875000000021
43 44 -1.0019000000000002
43 45 -1.1027499999999999
43 47 -1.9009985491795480
43 48 1.9009985491795480
43 51 -1.5419000000000000
43 52 -0.1758039945998195
43 55 1.3652289845057246
43 56 -0.9343764587781258
43 57 0.1015004836068173
43 60 0.5966341818903775
43 61 2.0813625000000004
43 62 -1.3918953524922024
43 64 -1.7096958900278663
43 70 1.0789250000000006
43 71 2.4946453524922023
43 73 -0.6889338110442831
43 74 0.4921463197058372
43 81 3.7638586855778735
44 2 0.9007550000000002
44 4 1.9009985491795480
44 8 -1.9009985491795480
44 15 0.0667056067264966
44 16 -0.0091650000000001
44 17 -3.0144499999999992
44 43 -1.0019000000000002
44 44 -24.5705050000000007
44 45 1.9009985491795478
44 46 -3.1602874999999999
44 50 2.3986297010721493
44 52 -0.8524224304885460
44 53 -1.1027500000000001
44 54 0.7982485491795480
44 57 0.4921463197058372
44 58 -1.5584110388469403
44 59 1.7342150334467601
44 61 1.0789250000000006
44 63 -0.5091031966873453
44 64 -0.6889338110442831
44 70 2.0813625000000004
44 72 1.6118531966873453
44 73 -1.7096958900278663
44 74 0.1015004836068173
44 82 3.7638586855778735
45 3 -0.9007550000000002
45 5 1.9009985491795480
45 8 1.9530200000000002
45 15 -1.7342150334467601
45 16 -0.7982485491795480
45 18 -3.0144499999999992
45 42 3.7638586855778735
45 43 -1.1027499999999999
45 44 1.9009985491795478
45 45 -17.6702874999999970
45 47 -3.1602874999999999
45 50 -1.9009985491795480
45 52 0.9343764587781258
45 53 1.5419000000000000
45 55 0.7982485491795480
45 57 2.6208250000000004
45 58 0.9343764587781258
45 60 1.7342150334467601
45 62 -1.0789250000000006
45 63 -2.0813625000000004
45 64 -1.9009985491795478
45 71 -2.0813625000000004
45 72 -1.0789250000000006
45 73 1.1027499999999999
45 74 2.6208250000000004
45 83 3.7638586855778735
46 0 1.1027500000000001
46 2 -1.5419000000000000
46 4 1.1027499999999999
46 9 -1.9009985491795480
46 19 -3.0144499999999992
46 21 1.1027500000000001
46 23 -0.8676708520516290
46 28 1.0430999999999997
46 42 1.9009985491795480
46 44 -3.1602874999999999
46 46 -25.0833074999999930
46 47 1.2903948688853855
46 48 -1.1027499999999999
46 49 1.9100190280465792
46 50 3.7638586855778735
46 51 0.0770250000000002
46 52 -0.8524224304885460
46 53 0.4921463197058372
46 56 -1.2256337924518885
46 57 -1.1027500000000001
46 58 -1.5584110388469403
46 65 0.1015004836068172
46 66 -0.6889338110442831
46 70 -1.9530200000000002
46 72 1.9009985491795480
46 75 0.1015004836068173
46 76 0.5966341818903775
46 77 2.0541627955500079
47 1 1.1027500000000001
47 3 1.5419000000000000
47 5 1.1027499999999999
47 9 1.9530200000000002
47 20 -3.0144499999999992
47 22 -1.1027500000000001
47 24 -0.8676708520516290
47 29 1.0430999999999997
47 43 -1.9009985491795480
47 45 -3.1602874999999999
47 46 1.2903948688853855
47 47 -19.3330650000000013
47 48 1.0430999999999997
47 49 -0.8676708520516290
47 50 -1.1027499999999999
47 51 -0.4921463197058372
47 52 0.0667056067264966
47 53 -2.2982500000000003
47 56 -1.7342150334467601
47 57 -3.0144499999999992
47 58 0.0667056067264966
47 65 -2.0813625000000004
47 66 -1.2903948688853855
47 71 1.9530200000000002
47 73 1.9009985491795480
47 75 2.6208250000000004
47 76 1.7342150334467601
47 77 0.4921463197058372
48 0 -1.3652289845057246
48 1 -0.7982485491795480
48 6 1.1027499999999999
48 9 -1.0522650000000002
48 19 0.7982485491795480
48 20 -0.0091650000000001
48 25 -0.8676708520516290
48 30 1.0430999999999997
48 42 2.3986297010721493
48 43 1.9009985491795480
48 46 -1.1027499999999999
48 47 1.0430999999999997
48 48 -25.3436350000000026
48 49 -0.8676708520516290
48 50 -2.5116022294737110
48 52 0.0667056067264966
48 54 -2.2982500000000003
48 55 -0.4921463197058372
48 57 -0.0091650000000003
48 59 0.0667056067264966
48 60 1.5584110388469403
48 67 2.5116022294737110
48 69 1.7096958900278663
48 70 -1.9009985491795480
48 71 -1.0522650000000002
48 76 -1.5584110388469403
48 78 0.4921463197058372
48 79 -2.0541627955500079
49 0 -0.5966341818903775
49 1 0.8524224304885460
49 2 0.1758039945998195
49 3 0.9343764587781258
49 7 1.1027499999999999
49 19 1.7342150334467601
49 20 0.0667056067264966
49 21 -1.2256337924518885
49 22 -1.5584110388469403
49 26 -0.8676708520516290
49 31 1.0430999999999997
49 46 1.9100190280465792
49 47 -0.8676708520516290
49 48 -0.8676708520516290
49 49 -23.1310625000000094
49 50 1.9100190280465792
49 51 0.8524224304885460
49 53 0.0667056067264966
49 54 0.0667056067264966
49 55 0.8524224304885460
49 56 -0.7982485491795480
49 58 -0.0091650000000003
49 59 -3.0144499999999992
49 60 1.1027500000000001
49 68 1.4933958360990194
49 75 0.9343764587781258
49 77 -1.5584110388469403
49 78 1.7342150334467601
49 79 -0.5966341818903775
50 2 1.3652289845057246
50 3 -0.7982485491795480
50 8 1.1027499999999999
50 9 1.9009985491795480
50 21 -0.7982485491795480
50 22 -0.0091650000000001
50 27 -0.8676708520516290
50 32 1.0430999999999997
50 44 2.3986297010721493
50 45 -1.9009985491795480
50 46 3.7638586855778735
50 47 -1.1027499999999999
50 48 -2.5116022294737110
50 49 1.9100190280465792
50 50 -20.4176049999999982
50 52 -0.8524224304885460
50 54 0.4921463197058372
50 55 0.0770250000000002
50 57 0.7982485491795480
50 59 1.7342150334467601
50 60 -1.2256337924518885
50 67 1.0789250000000006
50 69 2.0024990327863659
50 72 -1.9009985491795480
50 73 1.0522650000000002
50 76 -0.9343764587781258
50 78 -2.6208250000000004
50 79 0.1015004836068173
51 0 -1.9009985491795480
51 1 -3.1602874999999999
51 10 -1.9530200000000002
51 11 -1.9009985491795480
51 14 -1.1027499999999999
51 23 -1.2256337924518885
51 24 1.5584110388469403
51 26 1.1027500000000001
51 33 1.0430999999999997
51 42 -1.1027500000000001
51 43 -1.5419000000000000
51 46 0.0770250000000002
51 47 -0.4921463197058372
51 49 0.8524224304885460
51 51 -25.0833075000000001
51 52 -1.9100190280465792
51 53 -1.2903948688853855
51 54 1.1027499999999999
51 55 3.7638586855778735
51 56 -0.8676708520516290
51 61 -3.0144499999999992
51 62 -1.1027500000000001
51 65 -0.1015004836068173
51 66 2.0541627955500079
51 68 0.5966341818903775
51 74 1.9009985491795480
51 75 -0.1015004836068172
51 77 -0.6889338110442831
52 15 -1.1027499999999999
52 23 0.7982485491795480
52 24 -0.0091650000000001
52 25 -3.0144499999999992
52 27 -1.1027500000000001
52 34 1.0430999999999997
52 42 -0.5966341818903775
52 43 -0.1758039945998195
52 44 -0.8524224304885460
52 45 0.9343764587781258
52 46 -0.8524224304885460
52 47 0.0667056067264966
52 48 0.0667056067264966
52 50 -0.8524224304885460
52 51 -1.9100190280465792
52 52 -23.1310625000000094
52 53 -0.8676708520516290
52 54 -0.8676708520516290
52 55 -1.9100190280465792
52 57 -0.8676708520516290
52 61 -1.7342150334467601
52 62 -1.2256337924518885
52 63 0.0667056067264966
52 64 1.5584110388469403
52 65 0.9343764587781258
52 66 1.5584110388469403
52 67 -1.7342150334467601
52 69 -0.5966341818903775
52 76 -1.4933958360990198
53 2 1.9009985491795480
53 3 -3.1602874999999999
53 12 1.9530200000000002
53 13 -1.9009985491795480
53 16 -1.1027499999999999
53 23 1.7342150334467601
53 24 0.0667056067264966
53 26 -3.0144499999999992
53 35 1.0430999999999997
53 44 -1.1027500000000001
53 45 1.5419000000000000
53 46 0.4921463197058372
53 47 -2.2982500000000003
53 49 0.0667056067264966
53 51 -1.2903948688853855
53 52 -0.8676708520516290
53 53 -19.3330649999999977
53 54 1.0430999999999997
53 55 1.1027499999999999
53 58 -0.8676708520516290
53 63 -3.0144499999999992
53 64 1.1027500000000001
53 65 2.6208250000000004
53 66 -0.4921463197058372
53 68 -1.7342150334467601
53 74 1.9530200000000002
53 75 -2.0813625000000004
53 77 1.2903948688853855
54 0 2.3986297010721493
54 2 -1.9009985491795480
54 10 1.9009985491795480
54 12 -1.0522650000000002
54 17 -1.1027499999999999
54 25 0.0667056067264966
54 26 -0.0091650000000001
54 27 -1.5584110388469403
54 36 1.0430999999999997
54 42 -1.3652289845057246
54 44 0.7982485491795480
54 48 -2.2982500000000003
54 49 0.0667056067264966
54 50 0.4921463197058372
54 51 1.1027499999999999
54 52 -0.8676708520516290
54 53 1.0430999999999997
54 54 -25.3436350000000026
54 55 2.5116022294737110
54 59 -0.8676708520516290
54 61 -0.7982485491795480
54 63 -0.0091650000000003
54 67 -0.4921463197058372
54 68 1.5584110388469403
54 69 -2.0541627955500079
54 74 -1.0522650000000002
54 78 -2.5116022294737110
54 79 1.7096958900278663
55 1 2.3986297010721493
55 3 1.9009985491795480
55 11 1.9009985491795480
55 13 1.0522650000000002
55 18 -1.1027499999999999
55 25 -1.7342150334467601
55 26 -0.7982485491795480
55 27 -1.2256337924518885
55 37 1.0430999999999997
55 43 1.3652289845057246
55 45 0.7982485491795480
55 48 -0.4921463197058372
55 49 0.8524224304885460
55 50 0.0770250000000002
55 51 3.7638586855778735
55 52 -1.9100190280465792
55 53 1.1027499999999999
55 54 2.5116022294737110
55 55 -20.4176049999999982
55 60 -0.8676708520516290
55 62 0.7982485491795480
55 64 -0.0091650000000003
55 67 -2.6208250000000004
55 68 -0.9343764587781258
55 69 -0.1015004836068173
55 74 -1.9009985491795480
55 78 1.0789250000000006
55 79 -2.0024990327863654
56 4 0.1758039945998195
56 5 -0.9343764587781258
56 7 -1.5419000000000000
56 14 1.9100190280465792
56 28 -1.2256337924518885
56 29 1.5584110388469403
56 31 1.1027500000000001
56 33 -0.8676708520516290
56 42 -1.5584110388469403
56 43 -0.9343764587781258
56 46 -1.2256337924518885
56 47 -1.7342150334467601
56 49 -0.7982485491795480
56 51 -0.8676708520516290
56 56 -25.0999550000000049
56 57 -1.9100190280465792
56 58 1.4933958360990194
56 59 1.1027499999999999
56 60 3.7638586855778735
56 61 0.0667056067264966
56 62 -0.8524224304885460
56 65 0.1758039945998195
56 66 0.5966341818903775
56 68 1.3652289845057246
56 70 -1.2256337924518885
56 71 -0.1758039945998195
56 75 1.9100190280465792
56 80 1.7342150334467601
56 81 0.5966341818903775
57 4 -1.3652289845057246
57 5 -0.7982485491795480
57 6 1.1027500000000001
57 8 1.5419000000000000
57 9 -0.9007550000000002
57 15 1.9100190280465792
57 28 0.7982485491795480
57 29 -0.0091650000000001
57 30 -3.0144499999999992
57 32 -1.1027500000000001
57 34 -0.8676708520516290
57 42 -2.0541627955500079
57 43 0.1015004836068173
57 44 0.4921463197058372
57 45 2.6208250000000004
57 46 -1.1027500000000001
57 47 -3.0144499999999992
57 48 -0.0091650000000003
57 50 0.7982485491795480
57 52 -0.8676708520516290
57 56 -1.9100190280465792
57 57 -17.5648499999999999
57 58 -0.8676708520516290
57 59 -0.8676708520516290
57 60 -1.9100190280465792
57 61 -0.4921463197058372
57 62 0.0770250000000002
57 63 -2.2982500000000003
57 64 -0.4921463197058372
57 65 1.5419000000000000
57 66 1.1027500000000001
57 67 -0.7982485491795480
57 69 -1.3652289845057246
57 70 -0.1015004836068173
57 71 -2.3159950000000000
57 72 0.0770250000000002
57 73 -0.1015004836068173
57 76 1.9100190280465792
57 80 2.6208250000000004
57 81 0.1015004836068173
57 82 0.4921463197058372
57 83 -2.0541627955500079
58 4 -0.5966341818903775
58 5 0.8524224304885460
58 7 1.1027500000000001
58 16 1.9100190280465792
58 28 1.7342150334467601
58 29 0.0667056067264966
58 31 -3.0144499999999992
58 35 -0.8676708520516290
58 44 -1.5584110388469403
58 45 0.9343764587781258
58 46 -1.5584110388469403
58 47 0.0667056067264966
58 49 -0.0091650000000003
58 53 -0.8676708520516290
58 56 1.4933958360990194
58 57 -0.8676708520516290
58 58 -23.1310625000000023
58 59 1.0430999999999997
58 60 1.1027499999999999
58 63 0.0667056067264966
58 64 0.8524224304885460
58 65 0.9343764587781258
58 66 0.8524224304885460
58 68 -0.7982485491795480
58 72 -1.2256337924518885
58 73 0.1758039945998195
58 77 1.9100190280465792
58 82 1.7342150334467601
58 83 -0.5966341818903775
59 6 0.8524224304885460
59 7 -0.7982485491795480
59 8 0.9343764587781258
59 17 1.9100190280465792
59 30 0.0667056067264966
59 31 -0.0091650000000001
59 32 -1.5584110388469403
59 36 -0.8676708520516290
59 42 -0.5966341818903775
59 44 1.7342150334467601
59 48 0.0667056067264966
59 49 -3.0144499999999992
59 50 1.7342150334467601
59 54 -0.8676708520516290
59 56 1.1027499999999999
59 57 -0.8676708520516290
59 58 1.0430999999999997
59 59 -23.1310625000000023
59 60 1.4933958360990198
59 61 0.8524224304885460
59 63 0.0667056067264966
59 67 0.8524224304885460
59 68 1.1027500000000001
59 69 -0.5966341818903775
59 70 0.1758039945998195
59 72 -1.2256337924518885
59 78 1.9100190280465792
59 80 0.9343764587781258
59 82 -1.5584110388469403
60 6 0.5966341818903775
60 7 1.3652289845057246
60 8 0.1758039945998195
60 18 1.9100190280465792
60 30 -1.7342150334467601
60 31 -0.7982485491795480
60 32 -1.2256337924518885
60 37 -0.8676708520516290
60 43 0.5966341818903775
60 45 1.7342150334467601
60 48 1.5584110388469403
60 49 1.1027500000000001
60 50 -1.2256337924518885
60 55 -0.8676708520516290
60 56 3.7638586855778735
60 57 -1.9100190280465792
60 58 1.1027499999999999
60 59 1.4933958360990198
60 60 -17.4289675000000024
60 62 -0.8524224304885460
60 64 0.0667056067264966
60 67 -0.9343764587781258
60 68 -1.5419000000000000
60 69 0.1758039945998195
60 71 -0.1758039945998195
60 73 -1.2256337924518885
60 79 1.9100190280465792
60 81 -0.9343764587781258
60 83 -1.5584110388469403
61 4 -1.9009985491795480
61 6 -3.1602874999999999
61 10 0.9007550000000002
61 33 -0.0091650000000001
61 34 1.5584110388469403
61 36 1.1027500000000001
61 43 2.0813625000000004
61 44 1.0789250000000006
61 51 -3.0144499999999992
61 52 -1.7342150334467601
61 54 -0.7982485491795480
61 56 0.0667056067264966
61 57 -0.4921463197058372
61 59 0.8524224304885460
61 61 -24.5705050000000007
61 62 -1.6118531966873453
61 63 0.5091031966873452
61 64 3.7638586855778735
61 65 1.9009985491795480
61 67 2.3986297010721493
61 70 -1.0019000000000002
61 74 -0.1015004836068173
61 80 -1.9009985491795480
61 81 -1.7096958900278663
61 82 -0.6889338110442831
62 5 1.9009985491795480
62 6 -1.9009985491795480
62 11 -0.9007550000000002
62 33 0.7982485491795480
62 34 -1.2256337924518885
62 37 -1.1027500000000001
62 42 0.6889338110442831
62 43 -1.3918953524922024
62 45 -1.0789250000000006
62 51 -1.1027500000000001
62 52 -1.2256337924518885
62 55 0.7982485491795480
62 56 -0.8524224304885460
62 57 0.0770250000000002
62 60 -0.8524224304885460
62 61 -1.6118531966873453
62 62 -20.6727225000000061
62 63 -1.0019000000000002
62 64 -1.6118531966873451
62 66 -1.9009985491795480
62 67 1.9009985491795480
62 71 -1.0019000000000002
62 74 0.0770250000000002
62 80 -1.0789250000000006
62 81 -1.3918953524922024
62 83 0.6889338110442831
63 4 2.3986297010721493
63 8 -3.1602874999999999
63 12 -0.9007550000000002
63 34 0.0667056067264966
63 35 -0.0091650000000001
63 36 -3.0144499999999992
63 42 1.7096958900278663
63 44 -0.5091031966873453
63 45 -2.0813625000000004
63 52 0.0667056067264966
63 53 -3.0144499999999992
63 54 -0.0091650000000003
63 57 -2.2982500000000003
63 58 0.0667056067264966
63 59 0.0667056067264966
63 61 0.5091031966873452
63 62 -1.0019000000000002
63 63 -19.7226999999999961
63 64 0.5091031966873454
63 65 -3.1602874999999999
63 69 2.3986297010721493
63 72 -1.0019000000000002
63 74 -2.3159950000000000
63 80 -2.0813625000000004
63 82 -0.5091031966873454
63 83 1.7096958900278663
64 5 2.3986297010721493
64 8 1.9009985491795480
64 13 0.9007550000000002
64 34 -1.7342150334467601
64 35 -0.7982485491795480
64 37 -3.0144499999999992
64 43 -1.7096958900278663
64 44 -0.6889338110442831
64 45 -1.9009985491795478
64 52 1.5584110388469403
64 53 1.1027500000000001
64 55 -0.0091650000000003
64 57 -0.4921463197058372
64 58 0.8524224304885460
64 60 0.0667056067264966
64 61 3.7638586855778735
64 62 -1.6118531966873451
64 63 0.5091031966873454
64 64 -16.8995175000000017
64 66 -3.1602874999999999
64 69 -1.9009985491795480
64 73 -1.0019000000000002
64 74 -0.1015004836068173
64 81 2.0813625000000004
64 82 1.0789250000000006
65 4 3.7638586855778735
65 9 -3.1602874999999999
65 10 -1.1027500000000001
65 12 1.5419000000000000
65 23 -1.9100190280465792
65 28 1.1027499999999999
65 38 -3.0144499999999992
65 40 1.1027500000000001
65 46 0.1015004836068172
65 47 -2.0813625000000004
65 51 -0.1015004836068173
65 52 0.9343764587781258
65 53 2.6208250000000004
65 56 0.1758039945998195
65 57 1.5419000000000000
65 58 0.9343764587781258
65 61 1.9009985491795480
65 63 -3.1602874999999999
65 65 -19.0855275000000013
65 66 -0.1015004836068174
65 67 -1.1027499999999999
65 68 1.9100190280465792
65 69 3.7638586855778735
65 75 -2.3159950000000000
65 76 -0.1758039945998195
65 77 0.1015004836068173
65 80 1.9530200000000002
65 82 -1.9009985491795480
66 5 3.7638586855778735
66 9 1.9009985491795480
66 11 -1.1027500000000001
66 13 -1.5419000000000000
66 24 -1.9100190280465792
66 29 1.1027499999999999
66 39 -3.0144499999999992
66 41 -1.1027500000000001
66 46 -0.6889338110442831
66 47 -1.2903948688853855
66 51 2.0541627955500079
66 52 1.5584110388469403
66 53 -0.4921463197058372
66 56 0.5966341818903775
66 57 1.1027500000000001
66 58 0.8524224304885460
66 62 -1.9009985491795480
66 64 -3.1602874999999999
66 65 -0.1015004836068174
66 66 -17.4123199999999976
66 67 1.0430999999999997
66 68 -0.8676708520516290
66 69 -1.1027499999999999
66 75 -0.1015004836068173
66 76 -1.2256337924518885
66 77 0.0770250000000002
66 81 -1.9530200000000002
66 83 -1.9009985491795480
67 6 3.7638586855778735
67 9 -1.9009985491795480
67 10 1.3652289845057246
67 11 0.7982485491795480
67 25 -1.9100190280465792
67 30 1.1027499999999999
67 38 0.7982485491795480
67 39 -0.0091650000000001
67 48 2.5116022294737110
67 50 1.0789250000000006
67 52 -1.7342150334467601
67 54 -0.4921463197058372
67 55 -2.6208250000000004
67 57 -0.7982485491795480
67 59 0.8524224304885460
67 60 -0.9343764587781258
67 61 2.3986297010721493
67 62 1.9009985491795480
67 65 -1.1027499999999999
67 66 1.0430999999999997
67 67 -20.4176049999999982
67 68 -0.8676708520516290
67 69 -2.0024990327863654
67 76 -1.2256337924518885
67 78 0.0770250000000002
67 79 -0.1015004836068173
67 80 1.9009985491795480
67 81 1.0522650000000002
68 7 3.7638586855778735
68 10 0.5966341818903775
68 11 -0.8524224304885460
68 12 -0.1758039945998195
68 13 -0.9343764587781258
68 26 -1.9100190280465792
68 31 1.1027499999999999
68 38 1.7342150334467601
68 39 0.0667056067264966
68 40 -1.2256337924518885
68 41 -1.5584110388469403
68 49 1.4933958360990194
68 51 0.5966341818903775
68 53 -1.7342150334467601
68 54 1.5584110388469403
68 55 -0.9343764587781258
68 56 1.3652289845057246
68 58 -0.7982485491795480
68 59 1.1027500000000001
68 60 -1.5419000000000000
68 65 1.9100190280465792
68 66 -0.8676708520516290
68 67 -0.8676708520516290
68 68 -17.4289674999999988
68 69 1.9100190280465792
68 75 0.1758039945998195
68 77 -1.2256337924518885
68 78 -1.2256337924518885
68 79 0.1758039945998195
69 8 3.7638586855778735
69 9 2.3986297010721493
69 12 -1.3652289845057246
69 13 0.7982485491795480
69 27 -1.9100190280465792
69 32 1.1027499999999999
69 40 -0.7982485491795480
69 41 -0.0091650000000001
69 48 1.7096958900278663
69 50 2.0024990327863659
69 52 -0.5966341818903775
69 54 -2.0541627955500079
69 55 -0.1015004836068173
69 57 -1.3652289845057246
69 59 -0.5966341818903775
69 60 0.1758039945998195
69 63 2.3986297010721493
69 64 -1.9009985491795480
69 65 3.7638586855778735
69 66 -1.1027499999999999
69 67 -2.0024990327863654
69 68 1.9100190280465792
69 69 -15.9387699999999981
69 76 -0.1758039945998195
69 78 0.1015004836068173
69 79 -2.3159950000000000
69 82 1.9009985491795480
69 83 -1.0522650000000002
70 14 -0.7982485491795480
70 15 -0.9343764587781258
70 17 -1.5419000000000000
70 19 0.9007550000000002
70 28 1.0522650000000002
70 30 1.9009985491795480
70 42 3.0037485491795479
70 43 1.0789250000000006
70 44 2.0813625000000004
70 46 -1.9530200000000002
70 48 -1.9009985491795480
70 56 -1.2256337924518885
70 57 -0.1015004836068173
70 59 0.1758039945998195
70 61 -1.0019000000000002
70 70 -21.8906875000000021
70 71 -2.4946453524922023
70 72 1.3918953524922024
70 73 3.7638586855778735
70 74 -0.4921463197058372
70 75 1.1027500000000001
70 76 0.5966341818903775
70 78 1.3652289845057246
70 80 1.1027499999999995
70 81 -0.6889338110442831
70 82 -1.7096958900278663
71 14 -1.3652289845057246
71 15 0.1758039945998195
71 18 1.5419000000000000
71 20 -0.9007550000000002
71 29 -1.0522650000000002
71 30 1.9530200000000002
71 42 1.7096958900278663
71 43 2.4946453524922023
71 45 -2.0813625000000004
71 47 1.9530200000000002
71 48 -1.0522650000000002
71 56 -0.1758039945998195
71 57 -2.3159950000000000
71 60 -0.1758039945998195
71 62 -1.0019000000000002
71 70 -2.4946453524922023
71 71 -14.3630650000000024
71 72 -1.0019000000000002
71 73 -2.4946453524922023
71 74 -2.2982500000000003
71 75 1.5419000000000000
71 76 0.1758039945998195
71 79 -1.3652289845057246
71 80 -2.0813625000000004
71 81 2.4946453524922019
71 83 1.7096958900278663
72 15 0.8524224304885460
72 16 -0.7982485491795480
72 17 1.1027500000000001
72 21 -0.9007550000000002
72 28 -1.9009985491795480
72 32 1.9009985491795480
72 42 0.6889338110442831
72 44 1.6118531966873453
72 45 -1.0789250000000006
72 46 1.9009985491795480
72 50 -1.9009985491795480
72 57 0.0770250000000002
72 58 -1.2256337924518885
72 59 -1.2256337924518885
72 63 -1.0019000000000002
72 70 1.3918953524922024
72 71 -1.0019000000000002
72 72 -20.6727225000000026
72 73 1.3918953524922024
72 74 0.0770250000000002
72 76 0.8524224304885460
72 77 1.1027500000000001
72 78 -0.7982485491795480
72 80 -1.0789250000000006
72 82 1.6118531966873451
72 83 0.6889338110442831
73 15 0.5966341818903775
73 16 1.3652289845057246
73 18 1.1027500000000001
73 22 0.9007550000000002
73 29 -1.9009985491795480
73 32 -1.9530200000000002
73 43 -0.6889338110442831
73 44 -1.7096958900278663
73 45 1.1027499999999999
73 47 1.9009985491795480
73 50 1.0522650000000002
73 57 -0.1015004836068173
73 58 0.1758039945998195
73 60 -1.2256337924518885
73 64 -1.0019000000000002
73 70 3.7638586855778735
73 71 -2.4946453524922023
73 72 1.3918953524922024
73 73 -14.2196999999999996
73 74 -0.4921463197058372
73 76 -0.9343764587781258
73 77 -1.5419000000000000
73 79 -0.7982485491795480
73 81 1.0789250000000006
73 82 2.0813625000000004
73 83 3.0037485491795479
74 14 2.3986297010721493
74 16 1.9009985491795480
74 17 -1.9009985491795480
74 18 -3.1602874999999999
74 26 -0.9007550000000002
74 33 -1.9009985491795480
74 35 -1.0522650000000002
74 36 1.9530200000000002
74 37 1.9009985491795480
74 42 -2.0541627955500079
74 43 0.4921463197058372
74 44 0.1015004836068173
74 45 2.6208250000000004
74 51 1.9009985491795480
74 53 1.9530200000000002
74 54 -1.0522650000000002
74 55 -1.9009985491795480
74 61 -0.1015004836068173
74 62 0.0770250000000002
74 63 -2.3159950000000000
74 64 -0.1015004836068173
74 70 -0.4921463197058372
74 71 -2.2982500000000003
74 72 0.0770250000000002
74 73 -0.4921463197058372
74 74 -18.6787649999999985
74 75 -3.1602874999999999
74 77 -1.9009985491795480
74 78 1.9009985491795480
74 79 2.3986297010721493
74 80 2.6208250000000004
74 81 0.4921463197058372
74 82 0.1015004836068173
74 83 -2.0541627955500079
75 14 3.7638586855778735
75 19 -1.9009985491795480
75 20 -3.1602874999999999
75 23 -0.1758039945998195
75 24 0.9343764587781258
75 26 1.5419000000000000
75 33 -1.1027499999999999
75 38 1.9530200000000002
75 39 1.9009985491795480
75 46 0.1015004836068173
75 47 2.6208250000000004
75 49 0.9343764587781258
75 51 -0.1015004836068172
75 53 -2.0813625000000004
75 56 1.9100190280465792
75 65 -2.3159950000000000
75 66 -0.1015004836068173
75 68 0.1758039945998195
75 70 1.1027500000000001
75 71 1.5419000000000000
75 74 -3.1602874999999999
75 75 -19.0855275000000013
75 76 -1.9100190280465792
75 77 0.1015004836068170
75 78 1.1027499999999999
75 79 3.7638586855778735
75 80 -3.0144499999999992
75 81 -1.1027500000000001
76 15 3.7638586855778735
76 23 1.3652289845057246
76 24 0.7982485491795480
76 25 -1.1027500000000001
76 27 -1.5419000000000000
76 34 -1.1027499999999999
76 46 0.5966341818903775
76 47 1.7342150334467601
76 48 -1.5584110388469403
76 50 -0.9343764587781258
76 52 -1.4933958360990198
76 57 1.9100190280465792
76 65 -0.1758039945998195
76 66 -1.2256337924518885
76 67 -1.2256337924518885
76 69 -0.1758039945998195
76 70 0.5966341818903775
76 71 0.1758039945998195
76 72 0.8524224304885460
76 73 -0.9343764587781258
76 75 -1.9100190280465792
76 76 -17.4289675000000024
76 77 -0.8676708520516290
76 78 -0.8676708520516290
76 79 -1.9100190280465792
76 80 -1.7342150334467601
76 81 -1.2256337924518885
76 82 0.0667056067264966
76 83 1.5584110388469403
77 16 3.7638586855778735
77 21 1.9009985491795480
77 22 -3.1602874999999999
77 23 0.5966341818903775
77 24 -0.8524224304885460
77 26 -1.1027500000000001
77 35 -1.1027499999999999
77 40 -1.9530200000000002
77 41 1.9009985491795480
77 46 2.0541627955500079
77 47 0.4921463197058372
77 49 -1.5584110388469403
77 51 -0.6889338110442831
77 53 1.2903948688853855
77 58 1.9100190280465792
77 65 0.1015004836068173
77 66 0.0770250000000002
77 68 -1.2256337924518885
77 72 1.1027500000000001
77 73 -1.5419000000000000
77 74 -1.9009985491795480
77 75 0.1015004836068170
77 76 -0.8676708520516290
77 77 -17.4123199999999976
77 78 1.0430999999999997
77 79 1.1027499999999999
77 82 -3.0144499999999992
77 83 1.1027500000000001
78 17 3.7638586855778735
78 19 2.3986297010721493
78 21 -1.9009985491795480
78 25 -0.8524224304885460
78 26 0.7982485491795480
78 27 -0.9343764587781258
78 36 -1.1027499999999999
78 38 -1.9009985491795480
78 40 1.0522650000000002
78 48 0.4921463197058372
78 49 1.7342150334467601
78 50 -2.6208250000000004
78 54 -2.5116022294737110
78 55 1.0789250000000006
78 59 1.9100190280465792
78 67 0.0770250000000002
78 68 -1.2256337924518885
78 69 0.1015004836068173
78 70 1.3652289845057246
78 72 -0.7982485491795480
78 74 1.9009985491795480
78 75 1.1027499999999999
78 76 -0.8676708520516290
78 77 1.0430999999999997
78 78 -20.4176049999999982
78 79 2.0024990327863654
78 80 -0.7982485491795480
78 82 -0.0091650000000003
79 18 3.7638586855778735
79 20 2.3986297010721493
79 22 1.9009985491795480
79 25 -0.5966341818903775
79 26 -1.3652289845057246
79 27 -0.1758039945998195
79 37 -1.1027499999999999
79 39 -1.9009985491795480
79 41 -1.0522650000000002
79 48 -2.0541627955500079
79 49 -0.5966341818903775
79 50 0.1015004836068173
79 54 1.7096958900278663
79 55 -2.0024990327863654
79 60 1.9100190280465792
79 67 -0.1015004836068173
79 68 0.1758039945998195
79 69 -2.3159950000000000
79 71 -1.3652289845057246
79 73 -0.7982485491795480
79 74 2.3986297010721493
79 75 3.7638586855778735
79 76 -1.9100190280465792
79 77 1.1027499999999999
79 78 2.0024990327863654
79 79 -15.9387699999999981
79 81 0.7982485491795480
79 83 -0.0091650000000003
80 28 -1.9009985491795480
80 30 -3.1602874999999999
80 33 0.7982485491795480
80 34 0.9343764587781258
80 36 1.5419000000000000
80 38 -0.9007550000000002
80 42 3.7638586855778735
80 56 1.7342150334467601
80 57 2.6208250000000004
80 59 0.9343764587781258
80 61 -1.9009985491795480
80 62 -1.0789250000000006
80 63 -2.0813625000000004
80 65 1.9530200000000002
80 67 1.9009985491795480
80 70 1.1027499999999995
80 71 -2.0813625000000004
80 72 -1.0789250000000006
80 74 2.6208250000000004
80 75 -3.0144499999999992
80 76 -1.7342150334467601
80 78 -0.7982485491795480
80 80 -17.6702875000000006
80 81 -1.1027499999999999
80 82 1.9009985491795476
80 83 3.7638586855778735
81 29 1.9009985491795480
81 30 -1.9009985491795480
81 33 1.3652289845057246
81 34 -0.1758039945998195
81 37 -1.5419000000000000
81 39 0.9007550000000002
81 43 3.7638586855778735
81 56 0.5966341818903775
81 57 0.1015004836068173
81 60 -0.9343764587781258
81 61 -1.7096958900278663
81 62 -1.3918953524922024
81 64 2.0813625000000004
81 66 -1.9530200000000002
81 67 1.0522650000000002
81 70 -0.6889338110442831
81 71 2.4946453524922019
81 73 1.0789250000000006
81 74 0.4921463197058372
81 75 -1.1027500000000001
81 76 -1.2256337924518885
81 79 0.7982485491795480
81 80 -1.1027499999999999
81 81 -14.2197000000000031
81 82 -1.0019000000000002
81 83 -3.0037485491795475
82 28 2.3986297010721493
82 32 -3.1602874999999999
82 34 -0.8524224304885460
82 35 0.7982485491795480
82 36 -1.1027500000000001
82 40 0.9007550000000002
82 44 3.7638586855778735
82 57 0.4921463197058372
82 58 1.7342150334467601
82 59 -1.5584110388469403
82 61 -0.6889338110442831
82 63 -0.5091031966873454
82 64 1.0789250000000006
82 65 -1.9009985491795480
82 69 1.9009985491795480
82 70 -1.7096958900278663
82 72 1.6118531966873451
82 73 2.0813625000000004
82 74 0.1015004836068173
82 76 0.0667056067264966
82 77 -3.0144499999999992
82 78 -0.0091650000000003
82 80 1.9009985491795476
82 81 -1.0019000000000002
82 82 -16.8995174999999982
83 29 2.3986297010721493
83 32 1.9009985491795480
83 34 -0.5966341818903775
83 35 -1.3652289845057246
83 37 -1.1027500000000001
83 41 -0.9007550000000002
83 45 3.7638586855778735
83 57 -2.0541627955500079
83 58 -0.5966341818903775
83 60 -1.5584110388469403
83 62 0.6889338110442831
83 63 1.7096958900278663
83 66 -1.9009985491795480
83 69 -1.0522650000000002
83 71 1.7096958900278663
83 72 0.6889338110442831
83 73 3.0037485491795479
83 74 -2.0541627955500079
83 76 1.5584110388469403
83 77 1.1027500000000001
83 79 -0.0091650000000003
83 80 3.7638586855778735
83 81 -3.0037485491795475
83 83 -14.5235299999999938
